P1   MATERIAL:(A150                                      -DBASE)
P2   MASS DENSITY=( 1.1270E+00) g/cm**3
P3   NUMBER OF ELEMENTS IN THE MOLECULE=( 6) /.LE.15/
P4+  ATOMIC NUMBER=( 1),ATOMS/MOLECULE=( 5.836550E-01)
P4+  ATOMIC NUMBER=( 6),ATOMS/MOLECULE=( 3.748450E-01)
P4+  ATOMIC NUMBER=( 7),ATOMS/MOLECULE=( 1.453070E-02)
P4+  ATOMIC NUMBER=( 8),ATOMS/MOLECULE=( 1.898360E-02)
P4+  ATOMIC NUMBER=( 9),ATOMS/MOLECULE=( 5.323890E-03)
P4+  ATOMIC NUMBER=(20),ATOMS/MOLECULE=( 2.662070E-03)
P5   MEAN EXCITATION ENERGY=(   65.10) eV
P6   NUMBER OF OSCILLATORS=(17) /.LE.30/
P7+  ( 5.324140E-03, 6.000000E+00, 1.950E+00, 0) OSCILLATOR DATA
P7+  ( 1.499380E+00, 1.100000E+01, 6.460E-01, 0) OSCILLATOR DATA
P7+  ( 7.031815E-01, 1.400000E+01, 7.677E-01, 0) OSCILLATOR DATA
P7+  ( 2.906140E-02, 1.500000E+01, 6.720E-01, 0) OSCILLATOR DATA
P7+  ( 2.661945E-02, 1.700000E+01, 3.070E-01, 0) OSCILLATOR DATA
P7+  ( 3.796720E-02, 2.400000E+01, 5.790E-01, 0) OSCILLATOR DATA
P7+  ( 1.597242E-02, 2.500000E+01, 3.300E-01, 0) OSCILLATOR DATA
P7+  ( 1.064778E-02, 3.100000E+01, 5.080E-01, 0) OSCILLATOR DATA
P7+  ( 5.324140E-03, 4.400000E+01, 5.080E-01, 0) OSCILLATOR DATA
P7+  ( 7.496900E-01, 2.850000E+02, 1.530E-01, 0) OSCILLATOR DATA
P7+  ( 1.064828E-02, 3.470000E+02, 9.020E-02, 0) OSCILLATOR DATA
P7+  ( 5.324140E-03, 3.500000E+02, 9.020E-02, 0) OSCILLATOR DATA
P7+  ( 2.906140E-02, 4.100000E+02, 1.300E-01, 7) OSCILLATOR DATA
P7+  ( 5.324140E-03, 4.380000E+02, 1.740E-01, 0) OSCILLATOR DATA
P7+  ( 3.796720E-02, 5.430000E+02, 1.130E-01, 8) OSCILLATOR DATA
P7+  ( 1.064778E-02, 6.970000E+02, 1.000E-01, 9) OSCILLATOR DATA
P7+  ( 5.324140E-03, 4.038000E+03, 4.400E-02,20) OSCILLATOR DATA
P8   NUMBER OF INPUT ENERGIES=(106) FOR ELECTRONS /.LT.180/
 1.00E+02  7.178E-02  1.627E-01  1.432E-01  4.651E+02  5.699E-04
 1.25E+02  8.438E-02  2.183E-01  1.764E-01  4.267E+02  6.729E-04
 1.50E+02  9.613E-02  2.796E-01  2.112E-01  3.926E+02  7.706E-04
 1.75E+02  1.073E-01  3.463E-01  2.478E-01  3.635E+02  8.636E-04
 2.00E+02  1.181E-01  4.185E-01  2.864E-01  3.385E+02  9.530E-04
 2.50E+02  1.387E-01  5.781E-01  3.695E-01  2.982E+02  1.120E-03
 3.00E+02  1.586E-01  7.582E-01  4.607E-01  2.673E+02  1.275E-03
 3.50E+02  1.779E-01  9.575E-01  5.598E-01  2.428E+02  1.417E-03
 4.00E+02  1.969E-01  1.176E+00  6.666E-01  2.228E+02  1.548E-03
 4.50E+02  2.157E-01  1.414E+00  7.812E-01  2.062E+02  1.668E-03
 5.00E+02  2.343E-01  1.670E+00  9.032E-01  1.922E+02  1.778E-03
 6.00E+02  2.712E-01  2.237E+00  1.170E+00  1.712E+02  1.970E-03
 7.00E+02  3.078E-01  2.875E+00  1.465E+00  1.583E+02  2.129E-03
 8.00E+02  3.441E-01  3.582E+00  1.789E+00  1.457E+02  2.260E-03
 9.00E+02  3.803E-01  4.358E+00  2.140E+00  1.350E+02  2.365E-03
 1.00E+03  4.164E-01  5.200E+00  2.518E+00  1.258E+02  2.447E-03
 1.25E+03  5.062E-01  7.589E+00  3.578E+00  1.081E+02  2.573E-03
 1.50E+03  5.956E-01  1.038E+01  4.796E+00  9.549E+01  2.666E-03
 1.75E+03  6.846E-01  1.355E+01  6.169E+00  8.570E+01  2.736E-03
 2.00E+03  7.734E-01  1.709E+01  7.690E+00  7.790E+01  2.792E-03
 2.50E+03  9.508E-01  2.528E+01  1.117E+01  6.622E+01  2.874E-03
 3.00E+03  1.127E+00  3.488E+01  1.520E+01  5.786E+01  2.933E-03
 3.50E+03  1.303E+00  4.586E+01  1.977E+01  5.156E+01  2.976E-03
 4.00E+03  1.478E+00  5.816E+01  2.486E+01  4.661E+01  3.010E-03
 4.50E+03  1.653E+00  7.178E+01  3.046E+01  4.261E+01  3.036E-03
 5.00E+03  1.827E+00  8.668E+01  3.656E+01  3.931E+01  3.058E-03
 6.00E+03  2.172E+00  1.202E+02  5.022E+01  3.417E+01  3.091E-03
 7.00E+03  2.516E+00  1.587E+02  6.574E+01  3.032E+01  3.114E-03
 8.00E+03  2.858E+00  2.019E+02  8.311E+01  2.733E+01  3.131E-03
 9.00E+03  3.198E+00  2.497E+02  1.022E+02  2.493E+01  3.145E-03
 1.00E+04  3.536E+00  3.021E+02  1.231E+02  2.296E+01  3.156E-03
 1.25E+04  4.371E+00  4.525E+02  1.826E+02  1.929E+01  3.174E-03
 1.50E+04  5.195E+00  6.294E+02  2.523E+02  1.672E+01  3.188E-03
 1.75E+04  6.007E+00  8.322E+02  3.316E+02  1.482E+01  3.197E-03
 2.00E+04  6.807E+00  1.060E+03  4.203E+02  1.336E+01  3.205E-03
 2.50E+04  8.374E+00  1.587E+03  6.245E+02  1.124E+01  3.219E-03
 3.00E+04  9.897E+00  2.206E+03  8.629E+02  9.772E+00  3.232E-03
 3.50E+04  1.138E+01  2.913E+03  1.133E+03  8.693E+00  3.245E-03
 4.00E+04  1.282E+01  3.703E+03  1.434E+03  7.864E+00  3.258E-03
 4.50E+04  1.423E+01  4.575E+03  1.765E+03  7.207E+00  3.272E-03
 5.00E+04  1.559E+01  5.523E+03  2.124E+03  6.672E+00  3.287E-03
 6.00E+04  1.822E+01  7.641E+03  2.922E+03  5.854E+00  3.319E-03
 7.00E+04  2.071E+01  1.004E+04  3.820E+03  5.257E+00  3.352E-03
 8.00E+04  2.307E+01  1.270E+04  4.812E+03  4.800E+00  3.388E-03
 9.00E+04  2.532E+01  1.561E+04  5.892E+03  4.441E+00  3.427E-03
 1.00E+05  2.746E+01  1.875E+04  7.056E+03  4.150E+00  3.467E-03
 1.25E+05  3.243E+01  2.765E+04  1.033E+04  3.620E+00  3.578E-03
 1.50E+05  3.680E+01  3.769E+04  1.400E+04  3.262E+00  3.697E-03
 1.75E+05  4.070E+01  4.883E+04  1.806E+04  3.005E+00  3.824E-03
 2.00E+05  4.419E+01  6.096E+04  2.245E+04  2.812E+00  3.959E-03
 2.50E+05  5.017E+01  8.786E+04  3.214E+04  2.544E+00  4.247E-03
 3.00E+05  5.508E+01  1.179E+05  4.290E+04  2.367E+00  4.563E-03
 3.50E+05  5.916E+01  1.507E+05  5.459E+04  2.243E+00  4.901E-03
 4.00E+05  6.259E+01  1.859E+05  6.712E+04  2.152E+00  5.261E-03
 4.50E+05  6.548E+01  2.234E+05  8.043E+04  2.083E+00  5.639E-03
 5.00E+05  6.798E+01  2.631E+05  9.445E+04  2.030E+00  6.037E-03
 6.00E+05  7.197E+01  3.483E+05  1.245E+05  1.955E+00  6.875E-03
 7.00E+05  7.503E+01  4.410E+05  1.572E+05  1.905E+00  7.767E-03
 8.00E+05  7.741E+01  5.407E+05  1.923E+05  1.872E+00  8.706E-03
 9.00E+05  7.930E+01  6.472E+05  2.296E+05  1.848E+00  9.686E-03
 1.00E+06  8.082E+01  7.601E+05  2.692E+05  1.832E+00  1.071E-02
 1.25E+06  8.360E+01  1.070E+06  3.778E+05  1.809E+00  1.341E-02
 1.50E+06  8.536E+01  1.419E+06  4.997E+05  1.801E+00  1.630E-02
 1.75E+06  8.660E+01  1.805E+06  6.345E+05  1.800E+00  1.934E-02
 2.00E+06  8.748E+01  2.229E+06  7.821E+05  1.802E+00  2.252E-02
 2.50E+06  8.864E+01  3.184E+06  1.115E+06  1.812E+00  2.921E-02
 3.00E+06  8.933E+01  4.281E+06  1.496E+06  1.824E+00  3.624E-02
 3.50E+06  8.976E+01  5.518E+06  1.926E+06  1.837E+00  4.358E-02
 4.00E+06  9.007E+01  6.892E+06  2.403E+06  1.849E+00  5.115E-02
 4.50E+06  9.031E+01  8.401E+06  2.927E+06  1.861E+00  5.895E-02
 5.00E+06  9.047E+01  1.005E+07  3.496E+06  1.872E+00  6.696E-02
 6.00E+06  9.070E+01  1.373E+07  4.772E+06  1.892E+00  8.341E-02
 7.00E+06  9.082E+01  1.793E+07  6.226E+06  1.909E+00  1.005E-01
 8.00E+06  9.094E+01  2.264E+07  7.855E+06  1.924E+00  1.179E-01
 9.00E+06  9.098E+01  2.786E+07  9.659E+06  1.937E+00  1.358E-01
 1.00E+07  9.103E+01  3.357E+07  1.164E+07  1.949E+00  1.540E-01
 1.25E+07  9.111E+01  5.002E+07  1.731E+07  1.974E+00  2.007E-01
 1.50E+07  9.114E+01  6.948E+07  2.402E+07  1.993E+00  2.488E-01
 1.75E+07  9.118E+01  9.194E+07  3.174E+07  2.009E+00  2.979E-01
 2.00E+07  9.119E+01  1.173E+08  4.047E+07  2.023E+00  3.478E-01
 2.50E+07  9.122E+01  1.768E+08  6.090E+07  2.045E+00  4.496E-01
 3.00E+07  9.122E+01  2.478E+08  8.523E+07  2.062E+00  5.532E-01
 3.50E+07  9.123E+01  3.303E+08  1.134E+08  2.077E+00  6.583E-01
 4.00E+07  9.123E+01  4.241E+08  1.455E+08  2.089E+00  7.641E-01
 4.50E+07  9.123E+01  5.293E+08  1.813E+08  2.100E+00  8.713E-01
 5.00E+07  9.123E+01  6.460E+08  2.211E+08  2.109E+00  9.791E-01
 6.00E+07  9.123E+01  9.138E+08  3.119E+08  2.125E+00  1.197E+00
 7.00E+07  9.123E+01  1.228E+09  4.181E+08  2.139E+00  1.416E+00
 8.00E+07  9.123E+01  1.588E+09  5.396E+08  2.150E+00  1.638E+00
 9.00E+07  9.123E+01  1.996E+09  6.768E+08  2.161E+00  1.860E+00
 1.00E+08  9.123E+01  2.451E+09  8.294E+08  2.170E+00  2.084E+00
 1.25E+08  9.123E+01  3.796E+09  1.280E+09  2.189E+00  2.647E+00
 1.50E+08  9.123E+01  5.440E+09  1.829E+09  2.204E+00  3.214E+00
 1.75E+08  9.123E+01  7.383E+09  2.477E+09  2.218E+00  3.784E+00
 2.00E+08  9.123E+01  9.624E+09  3.225E+09  2.229E+00  4.357E+00
 2.50E+08  9.123E+01  1.500E+10  5.018E+09  2.248E+00  5.508E+00
 3.00E+08  9.123E+01  2.158E+10  7.211E+09  2.263E+00  6.663E+00
 3.50E+08  9.123E+01  2.935E+10  9.801E+09  2.276E+00  7.824E+00
 4.00E+08  9.123E+01  3.832E+10  1.279E+10  2.288E+00  8.989E+00
 4.50E+08  9.123E+01  4.848E+10  1.617E+10  2.298E+00  1.016E+01
 5.00E+08  9.123E+01  5.984E+10  1.996E+10  2.307E+00  1.133E+01
 6.00E+08  9.123E+01  8.615E+10  2.873E+10  2.322E+00  1.366E+01
 7.00E+08  9.123E+01  1.172E+11  3.909E+10  2.335E+00  1.601E+01
 8.00E+08  9.123E+01  1.531E+11  5.106E+10  2.346E+00  1.836E+01
 9.00E+08  9.123E+01  1.937E+11  6.460E+10  2.356E+00  2.072E+01
 1.00E+09  9.123E+01  2.392E+11  7.974E+10  2.365E+00  2.307E+01
P10  NUMBER OF INPUT ENERGIES=(106) FOR POSITRONS /.LT.180/
 1.00E+02  1.137E-01  4.648E-01  2.532E-01  5.924E+02  8.563E-05
 1.25E+02  1.273E-01  5.812E-01  3.100E-01  5.348E+02  1.097E-04
 1.50E+02  1.403E-01  7.030E-01  3.688E-01  4.865E+02  1.341E-04
 1.75E+02  1.526E-01  8.302E-01  4.295E-01  4.462E+02  1.586E-04
 2.00E+02  1.646E-01  9.630E-01  4.923E-01  4.124E+02  1.833E-04
 2.50E+02  1.877E-01  1.244E+00  6.238E-01  3.591E+02  2.326E-04
 3.00E+02  2.098E-01  1.546E+00  7.632E-01  3.190E+02  2.811E-04
 3.50E+02  2.313E-01  1.868E+00  9.107E-01  2.877E+02  3.285E-04
 4.00E+02  2.523E-01  2.209E+00  1.066E+00  2.625E+02  3.744E-04
 4.50E+02  2.730E-01  2.570E+00  1.229E+00  2.418E+02  4.185E-04
 5.00E+02  2.933E-01  2.949E+00  1.399E+00  2.244E+02  4.608E-04
 6.00E+02  3.332E-01  3.763E+00  1.762E+00  1.983E+02  5.395E-04
 7.00E+02  3.724E-01  4.650E+00  2.153E+00  1.828E+02  6.101E-04
 8.00E+02  4.110E-01  5.606E+00  2.572E+00  1.681E+02  6.726E-04
 9.00E+02  4.492E-01  6.629E+00  3.019E+00  1.557E+02  7.276E-04
 1.00E+03  4.871E-01  7.721E+00  3.492E+00  1.451E+02  7.751E-04
 1.25E+03  5.806E-01  1.074E+01  4.790E+00  1.243E+02  8.657E-04
 1.50E+03  6.730E-01  1.414E+01  6.245E+00  1.092E+02  9.412E-04
 1.75E+03  7.644E-01  1.795E+01  7.853E+00  9.763E+01  1.005E-03
 2.00E+03  8.552E-01  2.211E+01  9.610E+00  8.845E+01  1.062E-03
 2.50E+03  1.035E+00  3.155E+01  1.355E+01  7.480E+01  1.157E-03
 3.00E+03  1.215E+00  4.241E+01  1.806E+01  6.508E+01  1.235E-03
 3.50E+03  1.392E+00  5.464E+01  2.310E+01  5.778E+01  1.301E-03
 4.00E+03  1.569E+00  6.822E+01  2.866E+01  5.208E+01  1.359E-03
 4.50E+03  1.745E+00  8.309E+01  3.473E+01  4.749E+01  1.410E-03
 5.00E+03  1.920E+00  9.929E+01  4.131E+01  4.372E+01  1.455E-03
 6.00E+03  2.268E+00  1.354E+02  5.592E+01  3.784E+01  1.534E-03
 7.00E+03  2.614E+00  1.765E+02  7.242E+01  3.348E+01  1.601E-03
 8.00E+03  2.957E+00  2.223E+02  9.079E+01  3.009E+01  1.658E-03
 9.00E+03  3.298E+00  2.729E+02  1.109E+02  2.739E+01  1.709E-03
 1.00E+04  3.637E+00  3.280E+02  1.328E+02  2.517E+01  1.754E-03
 1.25E+04  4.475E+00  4.854E+02  1.949E+02  2.104E+01  1.849E-03
 1.50E+04  5.300E+00  6.699E+02  2.673E+02  1.817E+01  1.926E-03
 1.75E+04  6.114E+00  8.802E+02  3.495E+02  1.606E+01  1.991E-03
 2.00E+04  6.916E+00  1.116E+03  4.411E+02  1.443E+01  2.047E-03
 2.50E+04  8.485E+00  1.661E+03  6.516E+02  1.208E+01  2.142E-03
 3.00E+04  1.001E+01  2.299E+03  8.968E+02  1.046E+01  2.220E-03
 3.50E+04  1.150E+01  3.027E+03  1.175E+03  9.276E+00  2.286E-03
 4.00E+04  1.294E+01  3.840E+03  1.485E+03  8.366E+00  2.345E-03
 4.50E+04  1.435E+01  4.736E+03  1.823E+03  7.645E+00  2.398E-03
 5.00E+04  1.571E+01  5.711E+03  2.192E+03  7.059E+00  2.447E-03
 6.00E+04  1.834E+01  7.888E+03  3.010E+03  6.164E+00  2.535E-03
 7.00E+04  2.083E+01  1.035E+04  3.932E+03  5.512E+00  2.614E-03
 8.00E+04  2.320E+01  1.309E+04  4.949E+03  5.015E+00  2.687E-03
 9.00E+04  2.545E+01  1.608E+04  6.058E+03  4.623E+00  2.756E-03
 1.00E+05  2.759E+01  1.930E+04  7.250E+03  4.307E+00  2.823E-03
 1.25E+05  3.243E+01  2.834E+04  1.057E+04  3.731E+00  2.984E-03
 1.50E+05  3.680E+01  3.864E+04  1.433E+04  3.343E+00  3.139E-03
 1.75E+05  4.070E+01  5.008E+04  1.848E+04  3.065E+00  3.294E-03
 2.00E+05  4.419E+01  6.255E+04  2.298E+04  2.856E+00  3.449E-03
 2.50E+05  5.017E+01  9.022E+04  3.291E+04  2.566E+00  3.766E-03
 3.00E+05  5.508E+01  1.211E+05  4.394E+04  2.375E+00  4.099E-03
 3.50E+05  5.916E+01  1.548E+05  5.594E+04  2.241E+00  4.447E-03
 4.00E+05  6.259E+01  1.911E+05  6.879E+04  2.142E+00  4.813E-03
 4.50E+05  6.548E+01  2.298E+05  8.244E+04  2.068E+00  5.193E-03
 5.00E+05  6.798E+01  2.706E+05  9.684E+04  2.011E+00  5.590E-03
 6.00E+05  7.197E+01  3.584E+05  1.277E+05  1.929E+00  6.423E-03
 7.00E+05  7.503E+01  4.538E+05  1.611E+05  1.875E+00  7.307E-03
 8.00E+05  7.741E+01  5.564E+05  1.970E+05  1.838E+00  8.235E-03
 9.00E+05  7.930E+01  6.658E+05  2.354E+05  1.812E+00  9.204E-03
 1.00E+06  8.082E+01  7.820E+05  2.759E+05  1.794E+00  1.021E-02
 1.25E+06  8.360E+01  1.101E+06  3.871E+05  1.768E+00  1.288E-02
 1.50E+06  8.536E+01  1.459E+06  5.118E+05  1.757E+00  1.574E-02
 1.75E+06  8.660E+01  1.856E+06  6.497E+05  1.754E+00  1.876E-02
 2.00E+06  8.748E+01  2.290E+06  8.006E+05  1.755E+00  2.191E-02
 2.50E+06  8.864E+01  3.269E+06  1.140E+06  1.764E+00  2.855E-02
 3.00E+06  8.933E+01  4.393E+06  1.530E+06  1.775E+00  3.555E-02
 3.50E+06  8.976E+01  5.660E+06  1.969E+06  1.787E+00  4.285E-02
 4.00E+06  9.007E+01  7.065E+06  2.455E+06  1.799E+00  5.040E-02
 4.50E+06  9.031E+01  8.610E+06  2.989E+06  1.810E+00  5.819E-02
 5.00E+06  9.047E+01  1.029E+07  3.569E+06  1.820E+00  6.618E-02
 6.00E+06  9.070E+01  1.402E+07  4.857E+06  1.839E+00  8.261E-02
 7.00E+06  9.082E+01  1.835E+07  6.350E+06  1.856E+00  9.964E-02
 8.00E+06  9.094E+01  2.316E+07  8.011E+06  1.871E+00  1.171E-01
 9.00E+06  9.098E+01  2.849E+07  9.845E+06  1.884E+00  1.350E-01
 1.00E+07  9.103E+01  3.432E+07  1.186E+07  1.895E+00  1.532E-01
 1.25E+07  9.111E+01  5.109E+07  1.763E+07  1.920E+00  1.999E-01
 1.50E+07  9.114E+01  7.093E+07  2.444E+07  1.939E+00  2.480E-01
 1.75E+07  9.118E+01  9.382E+07  3.229E+07  1.955E+00  2.972E-01
 2.00E+07  9.119E+01  1.197E+08  4.116E+07  1.969E+00  3.472E-01
 2.50E+07  9.122E+01  1.802E+08  6.190E+07  1.991E+00  4.490E-01
 3.00E+07  9.122E+01  2.524E+08  8.659E+07  2.008E+00  5.526E-01
 3.50E+07  9.123E+01  3.362E+08  1.152E+08  2.022E+00  6.578E-01
 4.00E+07  9.123E+01  4.315E+08  1.476E+08  2.034E+00  7.636E-01
 4.50E+07  9.123E+01  5.383E+08  1.840E+08  2.045E+00  8.708E-01
 5.00E+07  9.123E+01  6.566E+08  2.242E+08  2.054E+00  9.786E-01
 6.00E+07  9.123E+01  9.280E+08  3.161E+08  2.070E+00  1.196E+00
 7.00E+07  9.123E+01  1.245E+09  4.235E+08  2.084E+00  1.416E+00
 8.00E+07  9.123E+01  1.610E+09  5.463E+08  2.095E+00  1.637E+00
 9.00E+07  9.123E+01  2.022E+09  6.846E+08  2.106E+00  1.860E+00
 1.00E+08  9.123E+01  2.481E+09  8.384E+08  2.115E+00  2.084E+00
 1.25E+08  9.123E+01  3.836E+09  1.292E+09  2.134E+00  2.646E+00
 1.50E+08  9.123E+01  5.490E+09  1.844E+09  2.149E+00  3.214E+00
 1.75E+08  9.123E+01  7.442E+09  2.496E+09  2.162E+00  3.784E+00
 2.00E+08  9.123E+01  9.692E+09  3.246E+09  2.174E+00  4.357E+00
 2.50E+08  9.123E+01  1.509E+10  5.047E+09  2.193E+00  5.508E+00
 3.00E+08  9.123E+01  2.168E+10  7.244E+09  2.208E+00  6.663E+00
 3.50E+08  9.123E+01  2.947E+10  9.840E+09  2.221E+00  7.824E+00
 4.00E+08  9.123E+01  3.845E+10  1.284E+10  2.232E+00  8.989E+00
 4.50E+08  9.123E+01  4.863E+10  1.622E+10  2.242E+00  1.016E+01
 5.00E+08  9.123E+01  6.000E+10  2.002E+10  2.251E+00  1.133E+01
 6.00E+08  9.123E+01  8.633E+10  2.879E+10  2.267E+00  1.366E+01
 7.00E+08  9.123E+01  1.175E+11  3.916E+10  2.280E+00  1.601E+01
 8.00E+08  9.123E+01  1.533E+11  5.112E+10  2.291E+00  1.836E+01
 9.00E+08  9.123E+01  1.939E+11  6.467E+10  2.301E+00  2.072E+01
 1.00E+09  9.123E+01  2.394E+11  7.983E+10  2.310E+00  2.307E+01
P12  NUMBER OF INPUT ENERGIES=(102) FOR PHOTONS /.LT.400/
 1.000E+03  1.094E+00  1.120E-02  2.258E+03  1.000E-35
 1.250E+03  1.038E+00  2.045E-02  1.215E+03  1.000E-35
 1.500E+03  9.785E-01  3.053E-02  7.273E+02  1.000E-35
 1.750E+03  9.167E-01  4.068E-02  4.676E+02  1.000E-35
 2.000E+03  8.552E-01  5.046E-02  3.174E+02  1.000E-35
 2.500E+03  7.396E-01  6.813E-02  1.648E+02  1.000E-35
 3.000E+03  6.391E-01  8.301E-02  9.580E+01  1.000E-35
 3.500E+03  5.550E-01  9.540E-02  6.027E+01  1.000E-35
 4.000E+03  4.857E-01  1.057E-01  4.022E+01  1.000E-35
 4.038E+03  4.810E-01  1.064E-01  3.908E+01  1.000E-35
 4.038E+03  4.810E-01  1.064E-01  5.570E+01  1.000E-35
 4.500E+03  4.290E-01  1.143E-01  4.089E+01  1.000E-35
 5.000E+03  3.823E-01  1.216E-01  3.018E+01  1.000E-35
 6.000E+03  3.112E-01  1.333E-01  1.769E+01  1.000E-35
 7.000E+03  2.604E-01  1.421E-01  1.122E+01  1.000E-35
 8.000E+03  2.228E-01  1.491E-01  7.546E+00  1.000E-35
 9.000E+03  1.939E-01  1.549E-01  5.302E+00  1.000E-35
 1.000E+04  1.710E-01  1.597E-01  3.859E+00  1.000E-35
 1.250E+04  1.299E-01  1.688E-01  1.960E+00  1.000E-35
 1.500E+04  1.024E-01  1.750E-01  1.121E+00  1.000E-35
 1.750E+04  8.261E-02  1.792E-01  6.963E-01  1.000E-35
 2.000E+04  6.789E-02  1.821E-01  4.600E-01  1.000E-35
 2.500E+04  4.790E-02  1.851E-01  2.290E-01  1.000E-35
 3.000E+04  3.546E-02  1.858E-01  1.290E-01  1.000E-35
 3.500E+04  2.731E-02  1.853E-01  7.926E-02  1.000E-35
 4.000E+04  2.167E-02  1.841E-01  5.187E-02  1.000E-35
 4.500E+04  1.761E-02  1.826E-01  3.564E-02  1.000E-35
 5.000E+04  1.459E-02  1.808E-01  2.546E-02  1.000E-35
 6.000E+04  1.048E-02  1.769E-01  1.420E-02  1.000E-35
 7.000E+04  7.875E-03  1.729E-01  8.657E-03  1.000E-35
 8.000E+04  6.129E-03  1.690E-01  5.635E-03  1.000E-35
 9.000E+04  4.901E-03  1.652E-01  3.858E-03  1.000E-35
 1.000E+05  4.007E-03  1.616E-01  2.750E-03  1.000E-35
 1.250E+05  2.603E-03  1.533E-01  1.344E-03  1.000E-35
 1.500E+05  1.824E-03  1.461E-01  7.509E-04  1.000E-35
 1.750E+05  1.348E-03  1.397E-01  4.605E-04  1.000E-35
 2.000E+05  1.036E-03  1.341E-01  3.026E-04  1.000E-35
 2.500E+05  6.665E-04  1.245E-01  1.516E-04  1.000E-35
 3.000E+05  4.642E-04  1.167E-01  8.734E-05  1.000E-35
 3.500E+05  3.416E-04  1.102E-01  5.549E-05  1.000E-35
 4.000E+05  2.619E-04  1.046E-01  3.787E-05  1.000E-35
 4.500E+05  2.071E-04  9.980E-02  2.729E-05  1.000E-35
 5.000E+05  1.678E-04  9.556E-02  2.056E-05  1.000E-35
 6.000E+05  1.166E-04  8.843E-02  1.286E-05  1.000E-35
 7.000E+05  8.573E-05  8.259E-02  8.750E-06  1.000E-35
 8.000E+05  6.565E-05  7.768E-02  6.513E-06  1.000E-35
 9.000E+05  5.189E-05  7.348E-02  5.198E-06  1.000E-35
 1.000E+06  4.203E-05  6.983E-02  4.049E-06  1.000E-35
 1.022E+06  4.024E-05  6.909E-02  3.803E-06  1.000E-35
 1.250E+06  2.691E-05  6.243E-02  2.577E-06  1.459E-05
 1.500E+06  1.869E-05  5.673E-02  1.865E-06  8.070E-05
 1.750E+06  1.373E-05  5.216E-02  1.437E-06  1.883E-04
 2.000E+06  1.051E-05  4.839E-02  1.163E-06  3.213E-04
 2.044E+06  1.007E-05  4.779E-02  1.125E-06  3.464E-04
 2.500E+06  6.729E-06  4.249E-02  8.315E-07  6.199E-04
 3.000E+06  4.673E-06  3.805E-02  6.420E-07  9.321E-04
 3.500E+06  3.433E-06  3.456E-02  5.208E-07  1.243E-03
 4.000E+06  2.629E-06  3.173E-02  4.371E-07  1.545E-03
 4.500E+06  2.077E-06  2.938E-02  3.761E-07  1.833E-03
 5.000E+06  1.682E-06  2.740E-02  3.297E-07  2.108E-03
 6.000E+06  1.168E-06  2.421E-02  2.641E-07  2.625E-03
 7.000E+06  8.584E-07  2.176E-02  2.199E-07  3.091E-03
 8.000E+06  6.572E-07  1.980E-02  1.883E-07  3.515E-03
 9.000E+06  5.193E-07  1.820E-02  1.646E-07  3.903E-03
 1.000E+07  4.206E-07  1.686E-02  1.461E-07  4.258E-03
 1.100E+07  3.476E-07  1.572E-02  1.313E-07  4.584E-03
 1.200E+07  2.921E-07  1.474E-02  1.193E-07  4.883E-03
 1.300E+07  2.489E-07  1.389E-02  1.092E-07  5.163E-03
 1.400E+07  2.146E-07  1.314E-02  1.007E-07  5.424E-03
 1.500E+07  1.869E-07  1.247E-02  9.344E-08  5.668E-03
 1.600E+07  1.643E-07  1.187E-02  8.715E-08  5.901E-03
 1.800E+07  1.298E-07  1.085E-02  7.677E-08  6.324E-03
 2.000E+07  1.051E-07  1.000E-02  6.861E-08  6.705E-03
 2.200E+07  8.690E-08  9.287E-03  6.202E-08  7.055E-03
 2.400E+07  7.302E-08  8.676E-03  5.658E-08  7.372E-03
 2.600E+07  6.222E-08  8.146E-03  5.199E-08  7.664E-03
 2.800E+07  5.365E-08  7.683E-03  4.813E-08  7.933E-03
 3.000E+07  4.673E-08  7.273E-03  4.477E-08  8.183E-03
 3.500E+07  3.433E-08  6.430E-03  3.813E-08  8.740E-03
 4.000E+07  2.629E-08  5.774E-03  3.322E-08  9.216E-03
 4.500E+07  2.077E-08  5.248E-03  2.942E-08  9.632E-03
 5.000E+07  1.682E-08  4.816E-03  2.640E-08  9.999E-03
 6.000E+07  1.168E-08  4.147E-03  2.190E-08  1.063E-02
 7.000E+07  8.584E-09  3.651E-03  1.872E-08  1.114E-02
 8.000E+07  6.572E-09  3.267E-03  1.634E-08  1.158E-02
 9.000E+07  5.193E-09  2.961E-03  1.450E-08  1.195E-02
 1.000E+08  4.206E-09  2.711E-03  1.303E-08  1.228E-02
 1.250E+08  2.692E-09  2.246E-03  1.039E-08  1.296E-02
 1.500E+08  1.869E-09  1.924E-03  8.648E-09  1.347E-02
 1.750E+08  1.373E-09  1.687E-03  7.402E-09  1.389E-02
 2.000E+08  1.051E-09  1.505E-03  6.470E-09  1.423E-02
 2.500E+08  6.729E-10  1.242E-03  5.169E-09  1.476E-02
 3.000E+08  4.673E-10  1.061E-03  4.304E-09  1.516E-02
 3.500E+08  3.433E-10  9.282E-04  3.687E-09  1.547E-02
 4.000E+08  2.629E-10  8.264E-04  3.225E-09  1.572E-02
 4.500E+08  2.077E-10  7.457E-04  2.865E-09  1.592E-02
 5.000E+08  1.682E-10  6.801E-04  2.578E-09  1.609E-02
 6.000E+08  1.168E-10  5.797E-04  2.147E-09  1.637E-02
 7.000E+08  8.584E-11  5.062E-04  1.840E-09  1.658E-02
 8.000E+08  6.572E-11  4.500E-04  1.609E-09  1.675E-02
 9.000E+08  5.193E-11  4.056E-04  1.430E-09  1.689E-02
 1.000E+09  4.206E-11  3.695E-04  1.287E-09  1.700E-02
