P1   MATERIAL:(AdiposeTissue                             -DBASE)
P2   MASS DENSITY=( 9.2000E-01) g/cm**3
P3   NUMBER OF ELEMENTS IN THE MOLECULE=(13) /.LE.15/
P4+  ATOMIC NUMBER=( 1),ATOMS/MOLECULE=( 6.346570E-01)
P4+  ATOMIC NUMBER=( 6),ATOMS/MOLECULE=( 2.840510E-01)
P4+  ATOMIC NUMBER=( 7),ATOMS/MOLECULE=( 3.046450E-03)
P4+  ATOMIC NUMBER=( 8),ATOMS/MOLECULE=( 7.774620E-02)
P4+  ATOMIC NUMBER=(11),ATOMS/MOLECULE=( 1.164410E-04)
P4+  ATOMIC NUMBER=(12),ATOMS/MOLECULE=( 4.405620E-06)
P4+  ATOMIC NUMBER=(15),ATOMS/MOLECULE=( 2.765660E-05)
P4+  ATOMIC NUMBER=(16),ATOMS/MOLECULE=( 1.219080E-04)
P4+  ATOMIC NUMBER=(17),ATOMS/MOLECULE=( 1.797070E-04)
P4+  ATOMIC NUMBER=(19),ATOMS/MOLECULE=( 4.381920E-05)
P4+  ATOMIC NUMBER=(20),ATOMS/MOLECULE=( 2.671620E-06)
P4+  ATOMIC NUMBER=(26),ATOMS/MOLECULE=( 1.917350E-06)
P4+  ATOMIC NUMBER=(30),ATOMS/MOLECULE=( 1.637790E-06)
P5   MEAN EXCITATION ENERGY=(   63.20) eV
P6   NUMBER OF OSCILLATORS=(27) /.LE.30/
P7+  ( 1.656034E-04, 4.741133E+00, 2.169E+00, 0) OSCILLATOR DATA
P7+  ( 4.380352E-05, 8.434139E+00, 6.742E-01, 0) OSCILLATOR DATA
P7+  ( 2.098846E+00, 1.228773E+01, 6.625E-01, 0) OSCILLATOR DATA
P7+  ( 6.223292E-04, 1.800000E+01, 5.706E-01, 0) OSCILLATOR DATA
P7+  ( 1.555084E-01, 2.400010E+01, 5.790E-01, 0) OSCILLATOR DATA
P7+  ( 7.862844E-04, 3.142218E+01, 2.635E-01, 0) OSCILLATOR DATA
P7+  ( 2.761631E-04, 6.063877E+01, 3.664E-01, 0) OSCILLATOR DATA
P7+  ( 2.247268E-05, 8.979530E+01, 2.760E-01, 0) OSCILLATOR DATA
P7+  ( 9.006632E-04, 1.584657E+02, 1.249E-01, 0) OSCILLATOR DATA
P7+  ( 1.377371E-03, 2.049182E+02, 1.385E-01, 0) OSCILLATOR DATA
P7+  ( 5.687243E-01, 2.849951E+02, 1.530E-01, 0) OSCILLATOR DATA
P7+  ( 1.036681E-04, 3.740316E+02, 1.703E-01, 0) OSCILLATOR DATA
P7+  ( 6.092900E-03, 4.100000E+02, 1.300E-01, 7) OSCILLATOR DATA
P7+  ( 5.343240E-06, 4.380000E+02, 1.740E-01, 0) OSCILLATOR DATA
P7+  ( 1.554924E-01, 5.430000E+02, 1.130E-01, 8) OSCILLATOR DATA
P7+  ( 1.533880E-05, 7.440454E+02, 8.050E-02, 0) OSCILLATOR DATA
P7+  ( 9.826740E-06, 1.029610E+03, 5.490E-02, 0) OSCILLATOR DATA
P7+  ( 2.328820E-04, 1.072000E+03, 8.150E-02,11) OSCILLATOR DATA
P7+  ( 3.275580E-06, 1.196000E+03, 1.080E-01, 0) OSCILLATOR DATA
P7+  ( 8.811240E-06, 1.303000E+03, 7.450E-02,12) OSCILLATOR DATA
P7+  ( 5.531320E-05, 2.149000E+03, 5.920E-02,15) OSCILLATOR DATA
P7+  ( 2.438160E-04, 2.472000E+03, 5.530E-02,16) OSCILLATOR DATA
P7+  ( 3.594140E-04, 2.823000E+03, 5.200E-02,17) OSCILLATOR DATA
P7+  ( 8.763840E-05, 3.608000E+03, 4.640E-02,19) OSCILLATOR DATA
P7+  ( 5.343240E-06, 4.038000E+03, 4.400E-02,20) OSCILLATOR DATA
P7+  ( 3.834700E-06, 7.111000E+03, 3.360E-02,26) OSCILLATOR DATA
P7+  ( 3.275580E-06, 9.661000E+03, 2.900E-02,30) OSCILLATOR DATA
P8   NUMBER OF INPUT ENERGIES=(106) FOR ELECTRONS /.LT.180/
 1.00E+02  7.485E-02  1.645E-01  1.481E-01  4.727E+02  5.746E-04
 1.25E+02  8.830E-02  2.202E-01  1.825E-01  4.357E+02  6.783E-04
 1.50E+02  1.009E-01  2.816E-01  2.181E-01  4.020E+02  7.767E-04
 1.75E+02  1.128E-01  3.483E-01  2.553E-01  3.728E+02  8.701E-04
 2.00E+02  1.242E-01  4.204E-01  2.943E-01  3.476E+02  9.601E-04
 2.50E+02  1.462E-01  5.800E-01  3.780E-01  3.068E+02  1.128E-03
 3.00E+02  1.673E-01  7.596E-01  4.694E-01  2.754E+02  1.284E-03
 3.50E+02  1.877E-01  9.582E-01  5.683E-01  2.503E+02  1.426E-03
 4.00E+02  2.078E-01  1.176E+00  6.749E-01  2.299E+02  1.558E-03
 4.50E+02  2.276E-01  1.412E+00  7.888E-01  2.130E+02  1.679E-03
 5.00E+02  2.472E-01  1.667E+00  9.101E-01  1.986E+02  1.789E-03
 6.00E+02  2.860E-01  2.230E+00  1.175E+00  1.785E+02  1.983E-03
 7.00E+02  3.244E-01  2.863E+00  1.467E+00  1.631E+02  2.143E-03
 8.00E+02  3.625E-01  3.565E+00  1.788E+00  1.497E+02  2.274E-03
 9.00E+02  4.005E-01  4.334E+00  2.135E+00  1.384E+02  2.380E-03
 1.00E+03  4.382E-01  5.169E+00  2.509E+00  1.287E+02  2.464E-03
 1.25E+03  5.324E-01  7.538E+00  3.557E+00  1.110E+02  2.592E-03
 1.50E+03  6.261E-01  1.030E+01  4.762E+00  9.797E+01  2.685E-03
 1.75E+03  7.194E-01  1.345E+01  6.120E+00  8.787E+01  2.756E-03
 2.00E+03  8.125E-01  1.697E+01  7.625E+00  7.982E+01  2.813E-03
 2.50E+03  9.986E-01  2.510E+01  1.107E+01  6.783E+01  2.895E-03
 3.00E+03  1.184E+00  3.464E+01  1.506E+01  5.927E+01  2.955E-03
 3.50E+03  1.368E+00  4.555E+01  1.960E+01  5.280E+01  2.998E-03
 4.00E+03  1.552E+00  5.779E+01  2.466E+01  4.772E+01  3.031E-03
 4.50E+03  1.736E+00  7.135E+01  3.022E+01  4.363E+01  3.057E-03
 5.00E+03  1.919E+00  8.619E+01  3.628E+01  4.025E+01  3.078E-03
 6.00E+03  2.283E+00  1.196E+02  4.986E+01  3.497E+01  3.109E-03
 7.00E+03  2.645E+00  1.579E+02  6.532E+01  3.103E+01  3.130E-03
 8.00E+03  3.005E+00  2.010E+02  8.262E+01  2.797E+01  3.147E-03
 9.00E+03  3.363E+00  2.488E+02  1.017E+02  2.551E+01  3.159E-03
 1.00E+04  3.719E+00  3.011E+02  1.225E+02  2.349E+01  3.169E-03
 1.25E+04  4.599E+00  4.512E+02  1.819E+02  1.972E+01  3.184E-03
 1.50E+04  5.468E+00  6.279E+02  2.514E+02  1.710E+01  3.194E-03
 1.75E+04  6.324E+00  8.305E+02  3.306E+02  1.516E+01  3.201E-03
 2.00E+04  7.167E+00  1.058E+03  4.191E+02  1.366E+01  3.207E-03
 2.50E+04  8.820E+00  1.585E+03  6.231E+02  1.149E+01  3.217E-03
 3.00E+04  1.043E+01  2.204E+03  8.612E+02  9.987E+00  3.227E-03
 3.50E+04  1.199E+01  2.911E+03  1.131E+03  8.883E+00  3.238E-03
 4.00E+04  1.351E+01  3.702E+03  1.432E+03  8.036E+00  3.249E-03
 4.50E+04  1.499E+01  4.573E+03  1.763E+03  7.364E+00  3.262E-03
 5.00E+04  1.643E+01  5.522E+03  2.122E+03  6.817E+00  3.275E-03
 6.00E+04  1.920E+01  7.641E+03  2.920E+03  5.980E+00  3.305E-03
 7.00E+04  2.183E+01  1.004E+04  3.818E+03  5.369E+00  3.338E-03
 8.00E+04  2.432E+01  1.270E+04  4.810E+03  4.903E+00  3.373E-03
 9.00E+04  2.669E+01  1.562E+04  5.891E+03  4.536E+00  3.411E-03
 1.00E+05  2.895E+01  1.875E+04  7.054E+03  4.238E+00  3.452E-03
 1.25E+05  3.420E+01  2.766E+04  1.033E+04  3.696E+00  3.562E-03
 1.50E+05  3.881E+01  3.771E+04  1.400E+04  3.331E+00  3.681E-03
 1.75E+05  4.292E+01  4.886E+04  1.806E+04  3.068E+00  3.808E-03
 2.00E+05  4.660E+01  6.100E+04  2.245E+04  2.871E+00  3.943E-03
 2.50E+05  5.291E+01  8.793E+04  3.216E+04  2.597E+00  4.232E-03
 3.00E+05  5.809E+01  1.180E+05  4.292E+04  2.418E+00  4.547E-03
 3.50E+05  6.240E+01  1.508E+05  5.462E+04  2.293E+00  4.885E-03
 4.00E+05  6.601E+01  1.861E+05  6.716E+04  2.202E+00  5.246E-03
 4.50E+05  6.907E+01  2.236E+05  8.049E+04  2.133E+00  5.624E-03
 5.00E+05  7.169E+01  2.634E+05  9.452E+04  2.080E+00  6.021E-03
 6.00E+05  7.591E+01  3.487E+05  1.246E+05  2.004E+00  6.860E-03
 7.00E+05  7.913E+01  4.415E+05  1.574E+05  1.955E+00  7.753E-03
 8.00E+05  8.165E+01  5.414E+05  1.924E+05  1.921E+00  8.692E-03
 9.00E+05  8.364E+01  6.480E+05  2.298E+05  1.897E+00  9.673E-03
 1.00E+06  8.525E+01  7.611E+05  2.695E+05  1.881E+00  1.069E-02
 1.25E+06  8.817E+01  1.072E+06  3.782E+05  1.858E+00  1.340E-02
 1.50E+06  9.003E+01  1.421E+06  5.002E+05  1.850E+00  1.629E-02
 1.75E+06  9.135E+01  1.808E+06  6.352E+05  1.848E+00  1.934E-02
 2.00E+06  9.228E+01  2.232E+06  7.830E+05  1.850E+00  2.252E-02
 2.50E+06  9.349E+01  3.188E+06  1.116E+06  1.860E+00  2.921E-02
 3.00E+06  9.423E+01  4.288E+06  1.498E+06  1.872E+00  3.626E-02
 3.50E+06  9.468E+01  5.526E+06  1.928E+06  1.885E+00  4.360E-02
 4.00E+06  9.501E+01  6.902E+06  2.406E+06  1.897E+00  5.118E-02
 4.50E+06  9.526E+01  8.413E+06  2.930E+06  1.909E+00  5.900E-02
 5.00E+06  9.543E+01  1.006E+07  3.501E+06  1.920E+00  6.702E-02
 6.00E+06  9.567E+01  1.375E+07  4.778E+06  1.939E+00  8.349E-02
 7.00E+06  9.580E+01  1.795E+07  6.234E+06  1.956E+00  1.006E-01
 8.00E+06  9.591E+01  2.268E+07  7.866E+06  1.971E+00  1.181E-01
 9.00E+06  9.597E+01  2.790E+07  9.672E+06  1.985E+00  1.360E-01
 1.00E+07  9.602E+01  3.363E+07  1.165E+07  1.997E+00  1.542E-01
 1.25E+07  9.610E+01  5.009E+07  1.733E+07  2.022E+00  2.010E-01
 1.50E+07  9.614E+01  6.958E+07  2.405E+07  2.042E+00  2.492E-01
 1.75E+07  9.618E+01  9.207E+07  3.179E+07  2.059E+00  2.985E-01
 2.00E+07  9.618E+01  1.175E+08  4.053E+07  2.073E+00  3.485E-01
 2.50E+07  9.622E+01  1.771E+08  6.098E+07  2.095E+00  4.505E-01
 3.00E+07  9.622E+01  2.481E+08  8.534E+07  2.113E+00  5.544E-01
 3.50E+07  9.622E+01  3.307E+08  1.136E+08  2.128E+00  6.598E-01
 4.00E+07  9.622E+01  4.246E+08  1.456E+08  2.141E+00  7.660E-01
 4.50E+07  9.622E+01  5.300E+08  1.815E+08  2.152E+00  8.734E-01
 5.00E+07  9.622E+01  6.467E+08  2.213E+08  2.161E+00  9.815E-01
 6.00E+07  9.622E+01  9.147E+08  3.123E+08  2.178E+00  1.200E+00
 7.00E+07  9.622E+01  1.229E+09  4.184E+08  2.192E+00  1.420E+00
 8.00E+07  9.622E+01  1.590E+09  5.401E+08  2.203E+00  1.642E+00
 9.00E+07  9.622E+01  1.997E+09  6.772E+08  2.214E+00  1.865E+00
 1.00E+08  9.622E+01  2.452E+09  8.300E+08  2.223E+00  2.089E+00
 1.25E+08  9.622E+01  3.798E+09  1.280E+09  2.242E+00  2.653E+00
 1.50E+08  9.622E+01  5.443E+09  1.830E+09  2.258E+00  3.222E+00
 1.75E+08  9.622E+01  7.386E+09  2.478E+09  2.272E+00  3.794E+00
 2.00E+08  9.622E+01  9.628E+09  3.226E+09  2.283E+00  4.368E+00
 2.50E+08  9.622E+01  1.501E+10  5.020E+09  2.302E+00  5.521E+00
 3.00E+08  9.622E+01  2.159E+10  7.213E+09  2.318E+00  6.680E+00
 3.50E+08  9.622E+01  2.936E+10  9.803E+09  2.331E+00  7.844E+00
 4.00E+08  9.622E+01  3.833E+10  1.279E+10  2.343E+00  9.012E+00
 4.50E+08  9.622E+01  4.849E+10  1.618E+10  2.353E+00  1.018E+01
 5.00E+08  9.622E+01  5.985E+10  1.997E+10  2.362E+00  1.135E+01
 6.00E+08  9.622E+01  8.616E+10  2.874E+10  2.378E+00  1.370E+01
 7.00E+08  9.622E+01  1.172E+11  3.910E+10  2.391E+00  1.605E+01
 8.00E+08  9.622E+01  1.531E+11  5.106E+10  2.403E+00  1.841E+01
 9.00E+08  9.622E+01  1.937E+11  6.461E+10  2.413E+00  2.077E+01
 1.00E+09  9.622E+01  2.392E+11  7.976E+10  2.422E+00  2.313E+01
P10  NUMBER OF INPUT ENERGIES=(106) FOR POSITRONS /.LT.180/
 1.00E+02  1.206E-01  4.759E-01  2.606E-01  6.048E+02  8.643E-05
 1.25E+02  1.351E-01  5.947E-01  3.190E-01  5.479E+02  1.106E-04
 1.50E+02  1.490E-01  7.188E-01  3.791E-01  4.995E+02  1.350E-04
 1.75E+02  1.622E-01  8.480E-01  4.412E-01  4.589E+02  1.597E-04
 2.00E+02  1.750E-01  9.825E-01  5.052E-01  4.246E+02  1.845E-04
 2.50E+02  1.996E-01  1.267E+00  6.389E-01  3.703E+02  2.338E-04
 3.00E+02  2.231E-01  1.571E+00  7.802E-01  3.293E+02  2.825E-04
 3.50E+02  2.460E-01  1.895E+00  9.293E-01  2.973E+02  3.301E-04
 4.00E+02  2.683E-01  2.237E+00  1.086E+00  2.714E+02  3.761E-04
 4.50E+02  2.901E-01  2.598E+00  1.250E+00  2.501E+02  4.204E-04
 5.00E+02  3.117E-01  2.978E+00  1.420E+00  2.322E+02  4.629E-04
 6.00E+02  3.539E-01  3.791E+00  1.784E+00  2.072E+02  5.419E-04
 7.00E+02  3.953E-01  4.674E+00  2.175E+00  1.887E+02  6.129E-04
 8.00E+02  4.360E-01  5.625E+00  2.593E+00  1.729E+02  6.758E-04
 9.00E+02  4.763E-01  6.643E+00  3.039E+00  1.596E+02  7.311E-04
 1.00E+03  5.162E-01  7.728E+00  3.510E+00  1.484E+02  7.791E-04
 1.25E+03  6.146E-01  1.072E+01  4.800E+00  1.274E+02  8.706E-04
 1.50E+03  7.118E-01  1.410E+01  6.245E+00  1.119E+02  9.469E-04
 1.75E+03  8.081E-01  1.787E+01  7.840E+00  1.000E+02  1.012E-03
 2.00E+03  9.035E-01  2.200E+01  9.581E+00  9.060E+01  1.069E-03
 2.50E+03  1.093E+00  3.135E+01  1.349E+01  7.659E+01  1.165E-03
 3.00E+03  1.281E+00  4.211E+01  1.795E+01  6.663E+01  1.244E-03
 3.50E+03  1.468E+00  5.423E+01  2.295E+01  5.915E+01  1.311E-03
 4.00E+03  1.654E+00  6.770E+01  2.846E+01  5.330E+01  1.370E-03
 4.50E+03  1.839E+00  8.245E+01  3.449E+01  4.860E+01  1.421E-03
 5.00E+03  2.024E+00  9.852E+01  4.101E+01  4.473E+01  1.467E-03
 6.00E+03  2.389E+00  1.344E+02  5.551E+01  3.872E+01  1.547E-03
 7.00E+03  2.753E+00  1.752E+02  7.189E+01  3.425E+01  1.613E-03
 8.00E+03  3.115E+00  2.208E+02  9.013E+01  3.078E+01  1.671E-03
 9.00E+03  3.474E+00  2.710E+02  1.101E+02  2.801E+01  1.722E-03
 1.00E+04  3.831E+00  3.259E+02  1.319E+02  2.574E+01  1.768E-03
 1.25E+04  4.714E+00  4.825E+02  1.937E+02  2.151E+01  1.862E-03
 1.50E+04  5.583E+00  6.662E+02  2.657E+02  1.858E+01  1.940E-03
 1.75E+04  6.441E+00  8.759E+02  3.476E+02  1.642E+01  2.005E-03
 2.00E+04  7.287E+00  1.111E+03  4.389E+02  1.475E+01  2.061E-03
 2.50E+04  8.941E+00  1.654E+03  6.487E+02  1.235E+01  2.154E-03
 3.00E+04  1.055E+01  2.291E+03  8.932E+02  1.069E+01  2.232E-03
 3.50E+04  1.212E+01  3.018E+03  1.170E+03  9.477E+00  2.298E-03
 4.00E+04  1.364E+01  3.829E+03  1.480E+03  8.546E+00  2.357E-03
 4.50E+04  1.512E+01  4.724E+03  1.818E+03  7.809E+00  2.409E-03
 5.00E+04  1.656E+01  5.697E+03  2.186E+03  7.210E+00  2.458E-03
 6.00E+04  1.933E+01  7.872E+03  3.003E+03  6.296E+00  2.545E-03
 7.00E+04  2.196E+01  1.033E+04  3.923E+03  5.629E+00  2.624E-03
 8.00E+04  2.446E+01  1.307E+04  4.939E+03  5.121E+00  2.697E-03
 9.00E+04  2.683E+01  1.605E+04  6.046E+03  4.721E+00  2.767E-03
 1.00E+05  2.909E+01  1.927E+04  7.236E+03  4.398E+00  2.834E-03
 1.25E+05  3.420E+01  2.830E+04  1.055E+04  3.810E+00  2.996E-03
 1.50E+05  3.881E+01  3.859E+04  1.430E+04  3.413E+00  3.151E-03
 1.75E+05  4.292E+01  5.002E+04  1.845E+04  3.129E+00  3.306E-03
 2.00E+05  4.660E+01  6.248E+04  2.294E+04  2.916E+00  3.462E-03
 2.50E+05  5.291E+01  9.012E+04  3.287E+04  2.620E+00  3.780E-03
 3.00E+05  5.809E+01  1.210E+05  4.389E+04  2.426E+00  4.113E-03
 3.50E+05  6.240E+01  1.547E+05  5.588E+04  2.291E+00  4.462E-03
 4.00E+05  6.601E+01  1.909E+05  6.872E+04  2.193E+00  4.829E-03
 4.50E+05  6.907E+01  2.295E+05  8.236E+04  2.118E+00  5.210E-03
 5.00E+05  7.169E+01  2.703E+05  9.674E+04  2.060E+00  5.608E-03
 6.00E+05  7.591E+01  3.581E+05  1.276E+05  1.978E+00  6.445E-03
 7.00E+05  7.913E+01  4.534E+05  1.610E+05  1.923E+00  7.331E-03
 8.00E+05  8.165E+01  5.560E+05  1.969E+05  1.886E+00  8.262E-03
 9.00E+05  8.364E+01  6.654E+05  2.352E+05  1.860E+00  9.233E-03
 1.00E+06  8.525E+01  7.815E+05  2.757E+05  1.842E+00  1.024E-02
 1.25E+06  8.817E+01  1.100E+06  3.868E+05  1.816E+00  1.292E-02
 1.50E+06  9.003E+01  1.458E+06  5.115E+05  1.805E+00  1.579E-02
 1.75E+06  9.135E+01  1.855E+06  6.493E+05  1.802E+00  1.881E-02
 2.00E+06  9.228E+01  2.289E+06  8.002E+05  1.803E+00  2.197E-02
 2.50E+06  9.349E+01  3.268E+06  1.140E+06  1.811E+00  2.862E-02
 3.00E+06  9.423E+01  4.391E+06  1.529E+06  1.822E+00  3.564E-02
 3.50E+06  9.468E+01  5.658E+06  1.968E+06  1.834E+00  4.296E-02
 4.00E+06  9.501E+01  7.064E+06  2.454E+06  1.845E+00  5.053E-02
 4.50E+06  9.526E+01  8.608E+06  2.989E+06  1.857E+00  5.834E-02
 5.00E+06  9.543E+01  1.029E+07  3.569E+06  1.867E+00  6.635E-02
 6.00E+06  9.567E+01  1.401E+07  4.854E+06  1.886E+00  8.282E-02
 7.00E+06  9.580E+01  1.835E+07  6.349E+06  1.903E+00  9.989E-02
 8.00E+06  9.591E+01  2.316E+07  8.010E+06  1.918E+00  1.174E-01
 9.00E+06  9.597E+01  2.849E+07  9.845E+06  1.931E+00  1.353E-01
 1.00E+07  9.602E+01  3.432E+07  1.186E+07  1.943E+00  1.536E-01
 1.25E+07  9.610E+01  5.110E+07  1.763E+07  1.967E+00  2.004E-01
 1.50E+07  9.614E+01  7.094E+07  2.445E+07  1.987E+00  2.487E-01
 1.75E+07  9.618E+01  9.382E+07  3.230E+07  2.003E+00  2.980E-01
 2.00E+07  9.618E+01  1.197E+08  4.117E+07  2.017E+00  3.481E-01
 2.50E+07  9.622E+01  1.802E+08  6.192E+07  2.040E+00  4.502E-01
 3.00E+07  9.622E+01  2.525E+08  8.661E+07  2.058E+00  5.541E-01
 3.50E+07  9.622E+01  3.362E+08  1.152E+08  2.072E+00  6.596E-01
 4.00E+07  9.622E+01  4.316E+08  1.477E+08  2.085E+00  7.658E-01
 4.50E+07  9.622E+01  5.384E+08  1.841E+08  2.096E+00  8.733E-01
 5.00E+07  9.622E+01  6.567E+08  2.243E+08  2.105E+00  9.814E-01
 6.00E+07  9.622E+01  9.281E+08  3.161E+08  2.122E+00  1.200E+00
 7.00E+07  9.622E+01  1.245E+09  4.235E+08  2.136E+00  1.420E+00
 8.00E+07  9.622E+01  1.610E+09  5.464E+08  2.147E+00  1.642E+00
 9.00E+07  9.622E+01  2.022E+09  6.847E+08  2.158E+00  1.865E+00
 1.00E+08  9.622E+01  2.481E+09  8.385E+08  2.167E+00  2.089E+00
 1.25E+08  9.622E+01  3.836E+09  1.292E+09  2.186E+00  2.653E+00
 1.50E+08  9.622E+01  5.490E+09  1.845E+09  2.202E+00  3.222E+00
 1.75E+08  9.622E+01  7.442E+09  2.496E+09  2.216E+00  3.794E+00
 2.00E+08  9.622E+01  9.693E+09  3.246E+09  2.227E+00  4.368E+00
 2.50E+08  9.622E+01  1.509E+10  5.047E+09  2.246E+00  5.521E+00
 3.00E+08  9.622E+01  2.168E+10  7.244E+09  2.262E+00  6.680E+00
 3.50E+08  9.622E+01  2.948E+10  9.840E+09  2.275E+00  7.844E+00
 4.00E+08  9.622E+01  3.845E+10  1.284E+10  2.287E+00  9.012E+00
 4.50E+08  9.622E+01  4.863E+10  1.622E+10  2.297E+00  1.018E+01
 5.00E+08  9.622E+01  6.000E+10  2.002E+10  2.306E+00  1.135E+01
 6.00E+08  9.622E+01  8.633E+10  2.880E+10  2.322E+00  1.370E+01
 7.00E+08  9.622E+01  1.175E+11  3.916E+10  2.335E+00  1.605E+01
 8.00E+08  9.622E+01  1.533E+11  5.112E+10  2.346E+00  1.841E+01
 9.00E+08  9.622E+01  1.939E+11  6.468E+10  2.356E+00  2.077E+01
 1.00E+09  9.622E+01  2.394E+11  7.983E+10  2.365E+00  2.313E+01
P12  NUMBER OF INPUT ENERGIES=(128) FOR PHOTONS /.LT.400/
 1.000E+03  1.100E+00  1.044E-02  2.509E+03  1.000E-35
 1.010E+03  1.098E+00  1.078E-02  2.442E+03  1.000E-35
 1.020E+03  1.096E+00  1.112E-02  2.378E+03  1.000E-35
 1.020E+03  1.096E+00  1.112E-02  2.378E+03  1.000E-35
 1.031E+03  1.094E+00  1.153E-02  2.305E+03  1.000E-35
 1.035E+03  1.093E+00  1.168E-02  2.280E+03  1.000E-35
 1.043E+03  1.092E+00  1.194E-02  2.236E+03  1.000E-35
 1.043E+03  1.092E+00  1.194E-02  2.236E+03  1.000E-35
 1.072E+03  1.086E+00  1.300E-02  2.072E+03  1.000E-35
 1.072E+03  1.086E+00  1.300E-02  2.074E+03  1.000E-35
 1.116E+03  1.077E+00  1.463E-02  1.859E+03  1.000E-35
 1.194E+03  1.060E+00  1.766E-02  1.544E+03  1.000E-35
 1.194E+03  1.060E+00  1.766E-02  1.544E+03  1.000E-35
 1.250E+03  1.048E+00  1.992E-02  1.360E+03  1.000E-35
 1.305E+03  1.036E+00  2.217E-02  1.206E+03  1.000E-35
 1.305E+03  1.036E+00  2.217E-02  1.206E+03  1.000E-35
 1.500E+03  9.912E-01  3.032E-02  8.182E+02  1.000E-35
 1.750E+03  9.317E-01  4.081E-02  5.279E+02  1.000E-35
 2.000E+03  8.719E-01  5.094E-02  3.593E+02  1.000E-35
 2.146E+03  8.377E-01  5.657E-02  2.926E+02  1.000E-35
 2.146E+03  8.377E-01  5.657E-02  2.930E+02  1.000E-35
 2.472E+03  7.640E-01  6.835E-02  1.938E+02  1.000E-35
 2.472E+03  7.640E-01  6.835E-02  1.951E+02  1.000E-35
 2.500E+03  7.579E-01  6.930E-02  1.888E+02  1.000E-35
 2.822E+03  6.911E-01  7.965E-02  1.320E+02  1.000E-35
 2.822E+03  6.911E-01  7.965E-02  1.337E+02  1.000E-35
 3.000E+03  6.569E-01  8.486E-02  1.118E+02  1.000E-35
 3.500E+03  5.711E-01  9.787E-02  7.060E+01  1.000E-35
 3.607E+03  5.546E-01  1.004E-01  6.445E+01  1.000E-35
 3.607E+03  5.546E-01  1.004E-01  6.480E+01  1.000E-35
 4.000E+03  4.995E-01  1.087E-01  4.748E+01  1.000E-35
 4.038E+03  4.946E-01  1.095E-01  4.613E+01  1.000E-35
 4.038E+03  4.946E-01  1.095E-01  4.615E+01  1.000E-35
 4.500E+03  4.403E-01  1.178E-01  3.324E+01  1.000E-35
 5.000E+03  3.913E-01  1.255E-01  2.411E+01  1.000E-35
 6.000E+03  3.164E-01  1.375E-01  1.377E+01  1.000E-35
 7.000E+03  2.630E-01  1.466E-01  8.540E+00  1.000E-35
 7.112E+03  2.580E-01  1.474E-01  8.127E+00  1.000E-35
 7.112E+03  2.580E-01  1.474E-01  8.134E+00  1.000E-35
 8.000E+03  2.236E-01  1.536E-01  5.635E+00  1.000E-35
 9.000E+03  1.934E-01  1.593E-01  3.894E+00  1.000E-35
 9.659E+03  1.772E-01  1.625E-01  3.116E+00  1.000E-35
 9.659E+03  1.772E-01  1.625E-01  3.121E+00  1.000E-35
 1.000E+04  1.697E-01  1.641E-01  2.797E+00  1.000E-35
 1.250E+04  1.279E-01  1.729E-01  1.377E+00  1.000E-35
 1.500E+04  1.003E-01  1.789E-01  7.687E-01  1.000E-35
 1.750E+04  8.086E-02  1.830E-01  4.680E-01  1.000E-35
 2.000E+04  6.644E-02  1.858E-01  3.039E-01  1.000E-35
 2.500E+04  4.693E-02  1.886E-01  1.471E-01  1.000E-35
 3.000E+04  3.478E-02  1.893E-01  8.109E-02  1.000E-35
 3.500E+04  2.675E-02  1.887E-01  4.891E-02  1.000E-35
 4.000E+04  2.120E-02  1.875E-01  3.153E-02  1.000E-35
 4.500E+04  1.721E-02  1.859E-01  2.139E-02  1.000E-35
 5.000E+04  1.424E-02  1.840E-01  1.511E-02  1.000E-35
 6.000E+04  1.021E-02  1.800E-01  8.269E-03  1.000E-35
 7.000E+04  7.665E-03  1.760E-01  4.966E-03  1.000E-35
 8.000E+04  5.961E-03  1.720E-01  3.193E-03  1.000E-35
 9.000E+04  4.765E-03  1.681E-01  2.163E-03  1.000E-35
 1.000E+05  3.893E-03  1.644E-01  1.528E-03  1.000E-35
 1.250E+05  2.527E-03  1.560E-01  7.335E-04  1.000E-35
 1.500E+05  1.769E-03  1.486E-01  4.044E-04  1.000E-35
 1.750E+05  1.307E-03  1.421E-01  2.454E-04  1.000E-35
 2.000E+05  1.004E-03  1.364E-01  1.598E-04  1.000E-35
 2.500E+05  6.451E-04  1.267E-01  7.904E-05  1.000E-35
 3.000E+05  4.490E-04  1.187E-01  4.514E-05  1.000E-35
 3.500E+05  3.303E-04  1.121E-01  2.848E-05  1.000E-35
 4.000E+05  2.531E-04  1.064E-01  1.933E-05  1.000E-35
 4.500E+05  2.001E-04  1.015E-01  1.387E-05  1.000E-35
 5.000E+05  1.622E-04  9.721E-02  1.042E-05  1.000E-35
 6.000E+05  1.127E-04  8.995E-02  6.490E-06  1.000E-35
 7.000E+05  8.282E-05  8.401E-02  4.378E-06  1.000E-35
 8.000E+05  6.342E-05  7.902E-02  3.276E-06  1.000E-35
 9.000E+05  5.012E-05  7.475E-02  2.659E-06  1.000E-35
 1.000E+06  4.060E-05  7.103E-02  2.037E-06  1.000E-35
 1.022E+06  3.887E-05  7.028E-02  1.892E-06  1.000E-35
 1.250E+06  2.599E-05  6.350E-02  1.285E-06  1.449E-05
 1.500E+06  1.805E-05  5.770E-02  9.320E-07  8.037E-05
 1.750E+06  1.326E-05  5.306E-02  7.202E-07  1.877E-04
 2.000E+06  1.015E-05  4.922E-02  5.863E-07  3.203E-04
 2.044E+06  9.721E-06  4.862E-02  5.672E-07  3.452E-04
 2.500E+06  6.499E-06  4.323E-02  4.218E-07  6.180E-04
 3.000E+06  4.513E-06  3.871E-02  3.276E-07  9.301E-04
 3.500E+06  3.316E-06  3.516E-02  2.670E-07  1.241E-03
 4.000E+06  2.539E-06  3.228E-02  2.249E-07  1.543E-03
 4.500E+06  2.006E-06  2.989E-02  1.940E-07  1.831E-03
 5.000E+06  1.625E-06  2.787E-02  1.705E-07  2.107E-03
 6.000E+06  1.128E-06  2.463E-02  1.371E-07  2.623E-03
 7.000E+06  8.289E-07  2.213E-02  1.145E-07  3.090E-03
 8.000E+06  6.347E-07  2.014E-02  9.826E-08  3.515E-03
 9.000E+06  5.015E-07  1.851E-02  8.604E-08  3.904E-03
 1.000E+07  4.062E-07  1.715E-02  7.651E-08  4.259E-03
 1.100E+07  3.357E-07  1.599E-02  6.885E-08  4.585E-03
 1.200E+07  2.821E-07  1.499E-02  6.258E-08  4.885E-03
 1.300E+07  2.403E-07  1.413E-02  5.736E-08  5.165E-03
 1.400E+07  2.072E-07  1.336E-02  5.294E-08  5.427E-03
 1.500E+07  1.805E-07  1.268E-02  4.915E-08  5.671E-03
 1.600E+07  1.587E-07  1.208E-02  4.587E-08  5.905E-03
 1.800E+07  1.254E-07  1.104E-02  4.046E-08  6.329E-03
 2.000E+07  1.015E-07  1.017E-02  3.618E-08  6.711E-03
 2.200E+07  8.392E-08  9.447E-03  3.273E-08  7.061E-03
 2.400E+07  7.052E-08  8.825E-03  2.987E-08  7.379E-03
 2.600E+07  6.009E-08  8.287E-03  2.747E-08  7.671E-03
 2.800E+07  5.181E-08  7.815E-03  2.543E-08  7.942E-03
 3.000E+07  4.513E-08  7.398E-03  2.367E-08  8.193E-03
 3.500E+07  3.316E-08  6.541E-03  2.018E-08  8.750E-03
 4.000E+07  2.539E-08  5.874E-03  1.759E-08  9.228E-03
 4.500E+07  2.006E-08  5.339E-03  1.558E-08  9.645E-03
 5.000E+07  1.625E-08  4.899E-03  1.399E-08  1.001E-02
 6.000E+07  1.128E-08  4.218E-03  1.161E-08  1.064E-02
 7.000E+07  8.289E-09  3.714E-03  9.927E-09  1.116E-02
 8.000E+07  6.347E-09  3.323E-03  8.669E-09  1.160E-02
 9.000E+07  5.015E-09  3.012E-03  7.693E-09  1.198E-02
 1.000E+08  4.062E-09  2.757E-03  6.914E-09  1.231E-02
 1.250E+08  2.600E-09  2.284E-03  5.517E-09  1.299E-02
 1.500E+08  1.805E-09  1.957E-03  4.591E-09  1.351E-02
 1.750E+08  1.326E-09  1.716E-03  3.931E-09  1.393E-02
 2.000E+08  1.015E-09  1.531E-03  3.437E-09  1.427E-02
 2.500E+08  6.499E-10  1.263E-03  2.746E-09  1.480E-02
 3.000E+08  4.513E-10  1.079E-03  2.287E-09  1.520E-02
 3.500E+08  3.316E-10  9.442E-04  1.959E-09  1.551E-02
 4.000E+08  2.539E-10  8.406E-04  1.714E-09  1.576E-02
 4.500E+08  2.006E-10  7.586E-04  1.523E-09  1.597E-02
 5.000E+08  1.625E-10  6.918E-04  1.370E-09  1.614E-02
 6.000E+08  1.128E-10  5.897E-04  1.141E-09  1.642E-02
 7.000E+08  8.289E-11  5.149E-04  9.778E-10  1.663E-02
 8.000E+08  6.347E-11  4.578E-04  8.554E-10  1.680E-02
 9.000E+08  5.015E-11  4.125E-04  7.603E-10  1.694E-02
 1.000E+09  4.062E-11  3.758E-04  6.842E-10  1.705E-02
