P1   MATERIAL:(Aluminum                                  -DBASE)
P2   MASS DENSITY=( 2.6989E+00) g/cm**3
P3   NUMBER OF ELEMENTS IN THE MOLECULE=( 1) /.LE.15/
P4+  ATOMIC NUMBER=(13),ATOMS/MOLECULE=( 1.000000E+00)
P5   MEAN EXCITATION ENERGY=(  166.00) eV
P6   NUMBER OF OSCILLATORS=( 4) /.LE.30/
P7+  ( 3.000000E+00,-1.578520E+01, 8.423E-01, 0) OSCILLATOR DATA
P7+  ( 6.000000E+00, 7.300000E+01, 1.680E-01, 0) OSCILLATOR DATA
P7+  ( 2.000000E+00, 1.180000E+02, 3.050E-01, 0) OSCILLATOR DATA
P7+  ( 2.000000E+00, 1.558000E+03, 6.860E-02,13) OSCILLATOR DATA
P8   NUMBER OF INPUT ENERGIES=(106) FOR ELECTRONS /.LT.180/
 1.00E+02  8.765E-02  2.131E-01  2.473E-01  1.776E+02  7.231E-04
 1.25E+02  9.819E-02  2.640E-01  2.981E-01  1.572E+02  8.696E-04
 1.50E+02  1.082E-01  3.196E-01  3.476E-01  1.414E+02  1.011E-03
 1.75E+02  1.179E-01  3.787E-01  3.965E-01  1.517E+02  1.147E-03
 2.00E+02  1.273E-01  4.419E-01  4.449E-01  1.566E+02  1.280E-03
 2.50E+02  1.455E-01  5.776E-01  5.422E-01  1.486E+02  1.533E-03
 3.00E+02  1.630E-01  7.259E-01  6.406E-01  1.442E+02  1.772E-03
 3.50E+02  1.800E-01  8.858E-01  7.411E-01  1.373E+02  1.997E-03
 4.00E+02  1.964E-01  1.056E+00  8.441E-01  1.312E+02  2.208E-03
 4.50E+02  2.125E-01  1.238E+00  9.497E-01  1.249E+02  2.406E-03
 5.00E+02  2.282E-01  1.429E+00  1.058E+00  1.188E+02  2.591E-03
 6.00E+02  2.587E-01  1.842E+00  1.285E+00  1.086E+02  2.928E-03
 7.00E+02  2.881E-01  2.292E+00  1.524E+00  1.001E+02  3.221E-03
 8.00E+02  3.169E-01  2.778E+00  1.776E+00  9.286E+01  3.473E-03
 9.00E+02  3.449E-01  3.299E+00  2.040E+00  8.666E+01  3.689E-03
 1.00E+03  3.721E-01  3.856E+00  2.318E+00  8.131E+01  3.875E-03
 1.25E+03  4.393E-01  5.394E+00  3.069E+00  7.068E+01  4.214E-03
 1.50E+03  5.043E-01  7.138E+00  3.896E+00  6.276E+01  4.482E-03
 1.75E+03  5.681E-01  9.081E+00  4.804E+00  5.660E+01  4.700E-03
 2.00E+03  6.309E-01  1.122E+01  5.786E+00  5.167E+01  4.886E-03
 2.50E+03  7.547E-01  1.606E+01  7.977E+00  4.422E+01  5.180E-03
 3.00E+03  8.766E-01  2.164E+01  1.046E+01  3.883E+01  5.408E-03
 3.50E+03  9.972E-01  2.795E+01  1.322E+01  3.474E+01  5.591E-03
 4.00E+03  1.117E+00  3.495E+01  1.626E+01  3.203E+01  5.743E-03
 4.50E+03  1.236E+00  4.267E+01  1.957E+01  2.954E+01  5.868E-03
 5.00E+03  1.354E+00  5.102E+01  2.315E+01  2.742E+01  5.975E-03
 6.00E+03  1.589E+00  6.975E+01  3.107E+01  2.404E+01  6.151E-03
 7.00E+03  1.822E+00  9.105E+01  4.000E+01  2.147E+01  6.287E-03
 8.00E+03  2.053E+00  1.149E+02  4.992E+01  1.949E+01  6.394E-03
 9.00E+03  2.282E+00  1.411E+02  6.078E+01  1.788E+01  6.484E-03
 1.00E+04  2.511E+00  1.698E+02  7.256E+01  1.654E+01  6.560E-03
 1.25E+04  3.075E+00  2.516E+02  1.059E+02  1.401E+01  6.700E-03
 1.50E+04  3.631E+00  3.476E+02  1.447E+02  1.223E+01  6.798E-03
 1.75E+04  4.180E+00  4.570E+02  1.886E+02  1.089E+01  6.870E-03
 2.00E+04  4.720E+00  5.795E+02  2.374E+02  9.859E+00  6.926E-03
 2.50E+04  5.778E+00  8.621E+02  3.492E+02  8.349E+00  7.004E-03
 3.00E+04  6.805E+00  1.193E+03  4.792E+02  7.295E+00  7.057E-03
 3.50E+04  7.806E+00  1.569E+03  6.260E+02  6.515E+00  7.100E-03
 4.00E+04  8.778E+00  1.989E+03  7.890E+02  5.913E+00  7.133E-03
 4.50E+04  9.725E+00  2.451E+03  9.673E+02  5.433E+00  7.162E-03
 5.00E+04  1.065E+01  2.954E+03  1.160E+03  5.042E+00  7.191E-03
 6.00E+04  1.242E+01  4.069E+03  1.588E+03  4.441E+00  7.243E-03
 7.00E+04  1.410E+01  5.335E+03  2.069E+03  4.000E+00  7.294E-03
 8.00E+04  1.569E+01  6.732E+03  2.597E+03  3.662E+00  7.350E-03
 9.00E+04  1.721E+01  8.257E+03  3.171E+03  3.395E+00  7.410E-03
 1.00E+05  1.865E+01  9.904E+03  3.787E+03  3.178E+00  7.477E-03
 1.25E+05  2.206E+01  1.459E+04  5.536E+03  2.782E+00  7.658E-03
 1.50E+05  2.500E+01  1.983E+04  7.474E+03  2.513E+00  7.865E-03
 1.75E+05  2.764E+01  2.563E+04  9.604E+03  2.320E+00  8.095E-03
 2.00E+05  2.999E+01  3.193E+04  1.191E+04  2.174E+00  8.343E-03
 2.50E+05  3.402E+01  4.588E+04  1.698E+04  1.972E+00  8.887E-03
 3.00E+05  3.734E+01  6.140E+04  2.259E+04  1.839E+00  9.486E-03
 3.50E+05  4.011E+01  7.830E+04  2.867E+04  1.747E+00  1.013E-02
 4.00E+05  4.239E+01  9.646E+04  3.517E+04  1.680E+00  1.082E-02
 4.50E+05  4.436E+01  1.157E+05  4.207E+04  1.630E+00  1.154E-02
 5.00E+05  4.605E+01  1.361E+05  4.933E+04  1.592E+00  1.230E-02
 6.00E+05  4.875E+01  1.799E+05  6.487E+04  1.540E+00  1.390E-02
 7.00E+05  5.081E+01  2.273E+05  8.169E+04  1.507E+00  1.560E-02
 8.00E+05  5.242E+01  2.783E+05  9.970E+04  1.486E+00  1.739E-02
 9.00E+05  5.369E+01  3.326E+05  1.189E+05  1.473E+00  1.925E-02
 1.00E+06  5.473E+01  3.903E+05  1.392E+05  1.465E+00  2.119E-02
 1.25E+06  5.658E+01  5.482E+05  1.948E+05  1.457E+00  2.631E-02
 1.50E+06  5.779E+01  7.255E+05  2.571E+05  1.459E+00  3.176E-02
 1.75E+06  5.861E+01  9.215E+05  3.259E+05  1.466E+00  3.752E-02
 2.00E+06  5.921E+01  1.136E+06  4.011E+05  1.474E+00  4.350E-02
 2.50E+06  5.999E+01  1.620E+06  5.703E+05  1.493E+00  5.604E-02
 3.00E+06  6.046E+01  2.175E+06  7.642E+05  1.510E+00  6.923E-02
 3.50E+06  6.076E+01  2.799E+06  9.821E+05  1.526E+00  8.292E-02
 4.00E+06  6.097E+01  3.492E+06  1.224E+06  1.539E+00  9.702E-02
 4.50E+06  6.112E+01  4.255E+06  1.489E+06  1.552E+00  1.115E-01
 5.00E+06  6.123E+01  5.082E+06  1.777E+06  1.563E+00  1.263E-01
 6.00E+06  6.138E+01  6.936E+06  2.422E+06  1.582E+00  1.567E-01
 7.00E+06  6.148E+01  9.050E+06  3.155E+06  1.598E+00  1.879E-01
 8.00E+06  6.154E+01  1.142E+07  3.979E+06  1.612E+00  2.200E-01
 9.00E+06  6.158E+01  1.404E+07  4.888E+06  1.624E+00  2.527E-01
 1.00E+07  6.161E+01  1.691E+07  5.883E+06  1.635E+00  2.857E-01
 1.25E+07  6.166E+01  2.516E+07  8.739E+06  1.657E+00  3.705E-01
 1.50E+07  6.169E+01  3.492E+07  1.211E+07  1.675E+00  4.575E-01
 1.75E+07  6.171E+01  4.619E+07  1.600E+07  1.691E+00  5.459E-01
 2.00E+07  6.172E+01  5.892E+07  2.038E+07  1.704E+00  6.356E-01
 2.50E+07  6.173E+01  8.877E+07  3.067E+07  1.725E+00  8.180E-01
 3.00E+07  6.174E+01  1.245E+08  4.292E+07  1.742E+00  1.003E+00
 3.50E+07  6.175E+01  1.659E+08  5.709E+07  1.756E+00  1.190E+00
 4.00E+07  6.175E+01  2.132E+08  7.323E+07  1.769E+00  1.379E+00
 4.50E+07  6.175E+01  2.664E+08  9.131E+07  1.779E+00  1.569E+00
 5.00E+07  6.175E+01  3.254E+08  1.113E+08  1.789E+00  1.761E+00
 6.00E+07  6.175E+01  4.610E+08  1.573E+08  1.804E+00  2.147E+00
 7.00E+07  6.175E+01  6.206E+08  2.111E+08  1.817E+00  2.535E+00
 8.00E+07  6.175E+01  8.044E+08  2.729E+08  1.829E+00  2.926E+00
 9.00E+07  6.175E+01  1.013E+09  3.428E+08  1.838E+00  3.319E+00
 1.00E+08  6.175E+01  1.245E+09  4.207E+08  1.847E+00  3.714E+00
 1.25E+08  6.175E+01  1.935E+09  6.509E+08  1.864E+00  4.707E+00
 1.50E+08  6.175E+01  2.778E+09  9.321E+08  1.878E+00  5.705E+00
 1.75E+08  6.175E+01  3.775E+09  1.265E+09  1.890E+00  6.707E+00
 2.00E+08  6.175E+01  4.925E+09  1.648E+09  1.900E+00  7.713E+00
 2.50E+08  6.175E+01  7.688E+09  2.569E+09  1.917E+00  9.733E+00
 3.00E+08  6.175E+01  1.107E+10  3.694E+09  1.931E+00  1.176E+01
 3.50E+08  6.175E+01  1.506E+10  5.025E+09  1.942E+00  1.380E+01
 4.00E+08  6.175E+01  1.966E+10  6.561E+09  1.952E+00  1.583E+01
 4.50E+08  6.175E+01  2.489E+10  8.302E+09  1.961E+00  1.787E+01
 5.00E+08  6.175E+01  3.073E+10  1.025E+10  1.969E+00  1.992E+01
 6.00E+08  6.175E+01  4.423E+10  1.475E+10  1.983E+00  2.402E+01
 7.00E+08  6.175E+01  6.021E+10  2.007E+10  1.994E+00  2.810E+01
 8.00E+08  6.175E+01  7.865E+10  2.622E+10  2.004E+00  3.221E+01
 9.00E+08  6.175E+01  9.954E+10  3.319E+10  2.013E+00  3.631E+01
 1.00E+09  6.175E+01  1.229E+11  4.099E+10  2.020E+00  4.042E+01
P10  NUMBER OF INPUT ENERGIES=(106) FOR POSITRONS /.LT.180/
 1.00E+02  1.092E-01  6.477E-01  3.436E-01  2.179E+02  4.937E-05
 1.25E+02  1.214E-01  8.019E-01  4.195E-01  1.905E+02  6.664E-05
 1.50E+02  1.330E-01  9.598E-01  4.968E-01  1.697E+02  8.474E-05
 1.75E+02  1.439E-01  1.121E+00  5.753E-01  1.790E+02  1.035E-04
 2.00E+02  1.546E-01  1.285E+00  6.550E-01  1.865E+02  1.228E-04
 2.50E+02  1.747E-01  1.622E+00  8.181E-01  1.805E+02  1.625E-04
 3.00E+02  1.940E-01  1.968E+00  9.854E-01  1.775E+02  2.033E-04
 3.50E+02  2.123E-01  2.325E+00  1.157E+00  1.698E+02  2.445E-04
 4.00E+02  2.302E-01  2.691E+00  1.332E+00  1.611E+02  2.860E-04
 4.50E+02  2.475E-01  3.065E+00  1.511E+00  1.528E+02  3.272E-04
 5.00E+02  2.645E-01  3.449E+00  1.693E+00  1.450E+02  3.680E-04
 6.00E+02  2.973E-01  4.243E+00  2.068E+00  1.315E+02  4.476E-04
 7.00E+02  3.292E-01  5.069E+00  2.455E+00  1.203E+02  5.233E-04
 8.00E+02  3.602E-01  5.930E+00  2.856E+00  1.109E+02  5.944E-04
 9.00E+02  3.903E-01  6.823E+00  3.268E+00  1.030E+02  6.607E-04
 1.00E+03  4.199E-01  7.748E+00  3.694E+00  9.627E+01  7.221E-04
 1.25E+03  4.919E-01  1.020E+01  4.812E+00  8.299E+01  8.530E-04
 1.50E+03  5.617E-01  1.285E+01  6.004E+00  7.320E+01  9.687E-04
 1.75E+03  6.297E-01  1.568E+01  7.271E+00  6.567E+01  1.072E-03
 2.00E+03  6.966E-01  1.871E+01  8.611E+00  5.968E+01  1.167E-03
 2.50E+03  8.274E-01  2.531E+01  1.151E+01  5.070E+01  1.333E-03
 3.00E+03  9.553E-01  3.266E+01  1.469E+01  4.428E+01  1.476E-03
 3.50E+03  1.081E+00  4.069E+01  1.813E+01  3.943E+01  1.602E-03
 4.00E+03  1.205E+00  4.941E+01  2.186E+01  3.624E+01  1.714E-03
 4.50E+03  1.328E+00  5.882E+01  2.584E+01  3.336E+01  1.815E-03
 5.00E+03  1.450E+00  6.890E+01  3.009E+01  3.092E+01  1.907E-03
 6.00E+03  1.691E+00  9.105E+01  3.934E+01  2.705E+01  2.071E-03
 7.00E+03  1.929E+00  1.158E+02  4.961E+01  2.411E+01  2.212E-03
 8.00E+03  2.163E+00  1.430E+02  6.084E+01  2.180E+01  2.335E-03
 9.00E+03  2.397E+00  1.727E+02  7.302E+01  1.994E+01  2.446E-03
 1.00E+04  2.628E+00  2.049E+02  8.613E+01  1.840E+01  2.547E-03
 1.25E+04  3.198E+00  2.955E+02  1.229E+02  1.550E+01  2.762E-03
 1.50E+04  3.759E+00  4.004E+02  1.651E+02  1.347E+01  2.939E-03
 1.75E+04  4.312E+00  5.194E+02  2.125E+02  1.195E+01  3.090E-03
 2.00E+04  4.854E+00  6.517E+02  2.651E+02  1.078E+01  3.222E-03
 2.50E+04  5.916E+00  9.551E+02  3.846E+02  9.078E+00  3.443E-03
 3.00E+04  6.948E+00  1.308E+03  5.228E+02  7.894E+00  3.625E-03
 3.50E+04  7.951E+00  1.709E+03  6.786E+02  7.021E+00  3.781E-03
 4.00E+04  8.927E+00  2.155E+03  8.512E+02  6.348E+00  3.917E-03
 4.50E+04  9.875E+00  2.645E+03  1.040E+03  5.814E+00  4.038E-03
 5.00E+04  1.080E+01  3.178E+03  1.244E+03  5.378E+00  4.150E-03
 6.00E+04  1.257E+01  4.363E+03  1.695E+03  4.711E+00  4.346E-03
 7.00E+04  1.426E+01  5.699E+03  2.202E+03  4.222E+00  4.520E-03
 8.00E+04  1.585E+01  7.180E+03  2.759E+03  3.849E+00  4.678E-03
 9.00E+04  1.737E+01  8.796E+03  3.364E+03  3.554E+00  4.826E-03
 1.00E+05  1.882E+01  1.054E+04  4.015E+03  3.315E+00  4.968E-03
 1.25E+05  2.206E+01  1.544E+04  5.842E+03  2.879E+00  5.299E-03
 1.50E+05  2.500E+01  2.099E+04  7.883E+03  2.584E+00  5.615E-03
 1.75E+05  2.764E+01  2.714E+04  1.013E+04  2.372E+00  5.926E-03
 2.00E+05  2.999E+01  3.381E+04  1.256E+04  2.213E+00  6.235E-03
 2.50E+05  3.402E+01  4.863E+04  1.791E+04  1.991E+00  6.861E-03
 3.00E+05  3.734E+01  6.513E+04  2.383E+04  1.846E+00  7.504E-03
 3.50E+05  4.011E+01  8.313E+04  3.025E+04  1.745E+00  8.173E-03
 4.00E+05  4.239E+01  1.024E+05  3.712E+04  1.672E+00  8.867E-03
 4.50E+05  4.436E+01  1.230E+05  4.441E+04  1.617E+00  9.585E-03
 5.00E+05  4.605E+01  1.446E+05  5.208E+04  1.575E+00  1.033E-02
 6.00E+05  4.875E+01  1.911E+05  6.848E+04  1.517E+00  1.189E-02
 7.00E+05  5.081E+01  2.415E+05  8.621E+04  1.480E+00  1.353E-02
 8.00E+05  5.242E+01  2.957E+05  1.052E+05  1.456E+00  1.525E-02
 9.00E+05  5.369E+01  3.533E+05  1.254E+05  1.441E+00  1.704E-02
 1.00E+06  5.473E+01  4.145E+05  1.468E+05  1.431E+00  1.891E-02
 1.25E+06  5.658E+01  5.817E+05  2.051E+05  1.421E+00  2.385E-02
 1.50E+06  5.779E+01  7.690E+05  2.706E+05  1.421E+00  2.911E-02
 1.75E+06  5.861E+01  9.761E+05  3.425E+05  1.426E+00  3.469E-02
 2.00E+06  5.921E+01  1.202E+06  4.215E+05  1.433E+00  4.050E-02
 2.50E+06  5.999E+01  1.711E+06  5.984E+05  1.450E+00  5.272E-02
 3.00E+06  6.046E+01  2.295E+06  8.008E+05  1.467E+00  6.562E-02
 3.50E+06  6.076E+01  2.952E+06  1.028E+06  1.482E+00  7.904E-02
 4.00E+06  6.097E+01  3.679E+06  1.280E+06  1.495E+00  9.291E-02
 4.50E+06  6.112E+01  4.476E+06  1.556E+06  1.507E+00  1.072E-01
 5.00E+06  6.123E+01  5.343E+06  1.856E+06  1.518E+00  1.218E-01
 6.00E+06  6.138E+01  7.283E+06  2.527E+06  1.536E+00  1.518E-01
 7.00E+06  6.148E+01  9.491E+06  3.290E+06  1.552E+00  1.828E-01
 8.00E+06  6.154E+01  1.196E+07  4.141E+06  1.566E+00  2.146E-01
 9.00E+06  6.158E+01  1.470E+07  5.086E+06  1.577E+00  2.471E-01
 1.00E+07  6.161E+01  1.770E+07  6.117E+06  1.588E+00  2.799E-01
 1.25E+07  6.166E+01  2.629E+07  9.075E+06  1.610E+00  3.645E-01
 1.50E+07  6.169E+01  3.646E+07  1.257E+07  1.628E+00  4.513E-01
 1.75E+07  6.171E+01  4.814E+07  1.658E+07  1.643E+00  5.397E-01
 2.00E+07  6.172E+01  6.136E+07  2.111E+07  1.656E+00  6.294E-01
 2.50E+07  6.173E+01  9.230E+07  3.171E+07  1.677E+00  8.119E-01
 3.00E+07  6.174E+01  1.292E+08  4.432E+07  1.694E+00  9.972E-01
 3.50E+07  6.175E+01  1.721E+08  5.892E+07  1.709E+00  1.185E+00
 4.00E+07  6.175E+01  2.208E+08  7.551E+07  1.721E+00  1.374E+00
 4.50E+07  6.175E+01  2.756E+08  9.407E+07  1.731E+00  1.565E+00
 5.00E+07  6.175E+01  3.361E+08  1.146E+08  1.740E+00  1.757E+00
 6.00E+07  6.175E+01  4.753E+08  1.616E+08  1.756E+00  2.143E+00
 7.00E+07  6.175E+01  6.386E+08  2.167E+08  1.769E+00  2.532E+00
 8.00E+07  6.175E+01  8.262E+08  2.797E+08  1.780E+00  2.923E+00
 9.00E+07  6.175E+01  1.038E+09  3.506E+08  1.790E+00  3.317E+00
 1.00E+08  6.175E+01  1.275E+09  4.300E+08  1.798E+00  3.712E+00
 1.25E+08  6.175E+01  1.974E+09  6.633E+08  1.816E+00  4.706E+00
 1.50E+08  6.175E+01  2.827E+09  9.478E+08  1.830E+00  5.704E+00
 1.75E+08  6.175E+01  3.833E+09  1.283E+09  1.842E+00  6.706E+00
 2.00E+08  6.175E+01  4.993E+09  1.670E+09  1.852E+00  7.713E+00
 2.50E+08  6.175E+01  7.775E+09  2.597E+09  1.869E+00  9.733E+00
 3.00E+08  6.175E+01  1.117E+10  3.731E+09  1.882E+00  1.176E+01
 3.50E+08  6.175E+01  1.518E+10  5.066E+09  1.894E+00  1.380E+01
 4.00E+08  6.175E+01  1.981E+10  6.607E+09  1.904E+00  1.583E+01
 4.50E+08  6.175E+01  2.504E+10  8.354E+09  1.913E+00  1.787E+01
 5.00E+08  6.175E+01  3.090E+10  1.030E+10  1.921E+00  1.992E+01
 6.00E+08  6.175E+01  4.445E+10  1.482E+10  1.934E+00  2.402E+01
 7.00E+08  6.175E+01  6.046E+10  2.016E+10  1.946E+00  2.810E+01
 8.00E+08  6.175E+01  7.892E+10  2.631E+10  1.955E+00  3.221E+01
 9.00E+08  6.175E+01  9.985E+10  3.329E+10  1.964E+00  3.631E+01
 1.00E+09  6.175E+01  1.232E+11  4.111E+10  1.972E+00  4.042E+01
P12  NUMBER OF INPUT ENERGIES=(102) FOR PHOTONS /.LT.400/
 1.000E+03  2.249E+00  4.492E-02  1.183E+03  1.000E-35
 1.250E+03  2.144E+00  4.603E-02  6.514E+02  1.000E-35
 1.500E+03  2.038E+00  4.771E-02  4.002E+02  1.000E-35
 1.560E+03  2.013E+00  4.817E-02  3.600E+02  1.000E-35
 1.560E+03  2.013E+00  4.817E-02  3.955E+03  1.000E-35
 1.750E+03  1.936E+00  4.974E-02  3.072E+03  1.000E-35
 2.000E+03  1.841E+00  5.197E-02  2.261E+03  1.000E-35
 2.500E+03  1.671E+00  5.667E-02  1.285E+03  1.000E-35
 3.000E+03  1.527E+00  6.147E-02  7.865E+02  1.000E-35
 3.500E+03  1.403E+00  6.626E-02  5.177E+02  1.000E-35
 4.000E+03  1.294E+00  7.097E-02  3.591E+02  1.000E-35
 4.500E+03  1.197E+00  7.555E-02  2.587E+02  1.000E-35
 5.000E+03  1.110E+00  7.996E-02  1.922E+02  1.000E-35
 6.000E+03  9.560E-01  8.816E-02  1.143E+02  1.000E-35
 7.000E+03  8.269E-01  9.545E-02  7.316E+01  1.000E-35
 8.000E+03  7.182E-01  1.019E-01  4.950E+01  1.000E-35
 9.000E+03  6.268E-01  1.075E-01  3.496E+01  1.000E-35
 1.000E+04  5.499E-01  1.124E-01  2.556E+01  1.000E-35
 1.250E+04  4.057E-01  1.224E-01  1.308E+01  1.000E-35
 1.500E+04  3.091E-01  1.298E-01  7.515E+00  1.000E-35
 1.750E+04  2.462E-01  1.355E-01  4.684E+00  1.000E-35
 2.000E+04  2.023E-01  1.398E-01  3.100E+00  1.000E-35
 2.500E+04  1.447E-01  1.457E-01  1.547E+00  1.000E-35
 3.000E+04  1.089E-01  1.491E-01  8.722E-01  1.000E-35
 3.500E+04  8.490E-02  1.509E-01  5.357E-01  1.000E-35
 4.000E+04  6.798E-02  1.517E-01  3.504E-01  1.000E-35
 4.500E+04  5.561E-02  1.519E-01  2.406E-01  1.000E-35
 5.000E+04  4.630E-02  1.515E-01  1.718E-01  1.000E-35
 6.000E+04  3.348E-02  1.499E-01  9.564E-02  1.000E-35
 7.000E+04  2.532E-02  1.476E-01  5.821E-02  1.000E-35
 8.000E+04  1.981E-02  1.450E-01  3.783E-02  1.000E-35
 9.000E+04  1.592E-02  1.422E-01  2.586E-02  1.000E-35
 1.000E+05  1.307E-02  1.395E-01  1.840E-02  1.000E-35
 1.250E+05  8.567E-03  1.330E-01  8.963E-03  1.000E-35
 1.500E+05  6.039E-03  1.271E-01  4.993E-03  1.000E-35
 1.750E+05  4.482E-03  1.218E-01  3.054E-03  1.000E-35
 2.000E+05  3.455E-03  1.170E-01  2.002E-03  1.000E-35
 2.500E+05  2.230E-03  1.089E-01  9.993E-04  1.000E-35
 3.000E+05  1.556E-03  1.021E-01  5.743E-04  1.000E-35
 3.500E+05  1.147E-03  9.648E-02  3.640E-04  1.000E-35
 4.000E+05  8.799E-04  9.165E-02  2.480E-04  1.000E-35
 4.500E+05  6.962E-04  8.745E-02  1.785E-04  1.000E-35
 5.000E+05  5.645E-04  8.375E-02  1.344E-04  1.000E-35
 6.000E+05  3.925E-04  7.751E-02  8.401E-05  1.000E-35
 7.000E+05  2.886E-04  7.240E-02  5.724E-05  1.000E-35
 8.000E+05  2.211E-04  6.812E-02  4.252E-05  1.000E-35
 9.000E+05  1.747E-04  6.444E-02  3.376E-05  1.000E-35
 1.000E+06  1.416E-04  6.125E-02  2.643E-05  1.000E-35
 1.022E+06  1.356E-04  6.060E-02  2.489E-05  1.000E-35
 1.250E+06  9.065E-05  5.478E-02  1.688E-05  3.134E-05
 1.500E+06  6.296E-05  4.978E-02  1.222E-05  1.708E-04
 1.750E+06  4.627E-05  4.577E-02  9.423E-06  3.963E-04
 2.000E+06  3.542E-05  4.247E-02  7.633E-06  6.747E-04
 2.044E+06  3.392E-05  4.194E-02  7.381E-06  7.272E-04
 2.500E+06  2.267E-05  3.729E-02  5.463E-06  1.295E-03
 3.000E+06  1.575E-05  3.339E-02  4.223E-06  1.930E-03
 3.500E+06  1.157E-05  3.033E-02  3.430E-06  2.553E-03
 4.000E+06  8.858E-06  2.785E-02  2.881E-06  3.150E-03
 4.500E+06  6.999E-06  2.579E-02  2.480E-06  3.714E-03
 5.000E+06  5.669E-06  2.404E-02  2.175E-06  4.249E-03
 6.000E+06  3.937E-06  2.125E-02  1.744E-06  5.244E-03
 7.000E+06  2.893E-06  1.909E-02  1.453E-06  6.134E-03
 8.000E+06  2.215E-06  1.737E-02  1.245E-06  6.940E-03
 9.000E+06  1.750E-06  1.597E-02  1.088E-06  7.671E-03
 1.000E+07  1.417E-06  1.479E-02  9.664E-07  8.338E-03
 1.100E+07  1.171E-06  1.380E-02  8.691E-07  8.946E-03
 1.200E+07  9.843E-07  1.294E-02  7.894E-07  9.504E-03
 1.300E+07  8.387E-07  1.219E-02  7.229E-07  1.002E-02
 1.400E+07  7.231E-07  1.153E-02  6.669E-07  1.051E-02
 1.500E+07  6.299E-07  1.094E-02  6.187E-07  1.096E-02
 1.600E+07  5.537E-07  1.042E-02  5.772E-07  1.138E-02
 1.800E+07  4.375E-07  9.520E-03  5.087E-07  1.216E-02
 2.000E+07  3.543E-07  8.777E-03  4.546E-07  1.286E-02
 2.200E+07  2.928E-07  8.150E-03  4.109E-07  1.349E-02
 2.400E+07  2.461E-07  7.614E-03  3.750E-07  1.407E-02
 2.600E+07  2.097E-07  7.149E-03  3.446E-07  1.460E-02
 2.800E+07  1.808E-07  6.742E-03  3.189E-07  1.509E-02
 3.000E+07  1.575E-07  6.383E-03  2.968E-07  1.554E-02
 3.500E+07  1.157E-07  5.643E-03  2.529E-07  1.654E-02
 4.000E+07  8.858E-08  5.067E-03  2.203E-07  1.741E-02
 4.500E+07  6.999E-08  4.606E-03  1.951E-07  1.815E-02
 5.000E+07  5.669E-08  4.227E-03  1.751E-07  1.880E-02
 6.000E+07  3.937E-08  3.639E-03  1.453E-07  1.991E-02
 7.000E+07  2.893E-08  3.204E-03  1.242E-07  2.082E-02
 8.000E+07  2.215E-08  2.867E-03  1.084E-07  2.158E-02
 9.000E+07  1.750E-08  2.599E-03  9.618E-08  2.222E-02
 1.000E+08  1.417E-08  2.379E-03  8.644E-08  2.277E-02
 1.250E+08  9.071E-09  1.971E-03  6.898E-08  2.387E-02
 1.500E+08  6.299E-09  1.688E-03  5.738E-08  2.470E-02
 1.750E+08  4.628E-09  1.480E-03  4.912E-08  2.536E-02
 2.000E+08  3.543E-09  1.320E-03  4.294E-08  2.590E-02
 2.500E+08  2.268E-09  1.090E-03  3.431E-08  2.671E-02
 3.000E+08  1.575E-09  9.311E-04  2.857E-08  2.730E-02
 3.500E+08  1.157E-09  8.146E-04  2.447E-08  2.777E-02
 4.000E+08  8.858E-10  7.252E-04  2.140E-08  2.814E-02
 4.500E+08  6.999E-10  6.544E-04  1.902E-08  2.845E-02
 5.000E+08  5.669E-10  5.968E-04  1.711E-08  2.870E-02
 6.000E+08  3.937E-10  5.087E-04  1.425E-08  2.908E-02
 7.000E+08  2.893E-10  4.442E-04  1.221E-08  2.938E-02
 8.000E+08  2.215E-10  3.949E-04  1.068E-08  2.962E-02
 9.000E+08  1.750E-10  3.559E-04  9.495E-09  2.982E-02
 1.000E+09  1.417E-10  3.242E-04  8.544E-09  2.998E-02
