P1   MATERIAL:(B100                                      -DBASE)
P2   MASS DENSITY=( 1.4500E+00) g/cm**3
P3   NUMBER OF ELEMENTS IN THE MOLECULE=( 6) /.LE.15/
P4+  ATOMIC NUMBER=( 1),ATOMS/MOLECULE=( 4.231840E+01)
P4+  ATOMIC NUMBER=( 6),ATOMS/MOLECULE=( 2.912380E+01)
P4+  ATOMIC NUMBER=( 7),ATOMS/MOLECULE=( 1.000000E+00)
P4+  ATOMIC NUMBER=( 8),ATOMS/MOLECULE=( 1.306460E+00)
P4+  ATOMIC NUMBER=( 9),ATOMS/MOLECULE=( 5.740690E+00)
P4+  ATOMIC NUMBER=(20),ATOMS/MOLECULE=( 2.870340E+00)
P5   MEAN EXCITATION ENERGY=(   85.90) eV
P6   NUMBER OF OSCILLATORS=(16) /.LE.30/
P7+  ( 1.222360E+02,-1.503040E+01, 8.846E-01, 0) OSCILLATOR DATA
P7+  ( 5.054412E+01, 1.400000E+01, 7.712E-01, 0) OSCILLATOR DATA
P7+  ( 2.000000E+00, 1.500000E+01, 6.720E-01, 0) OSCILLATOR DATA
P7+  ( 2.870345E+01, 1.700000E+01, 3.070E-01, 0) OSCILLATOR DATA
P7+  ( 2.612920E+00, 2.400000E+01, 5.790E-01, 0) OSCILLATOR DATA
P7+  ( 1.722204E+01, 2.500000E+01, 3.300E-01, 0) OSCILLATOR DATA
P7+  ( 1.148138E+01, 3.100000E+01, 5.080E-01, 0) OSCILLATOR DATA
P7+  ( 5.740680E+00, 4.400000E+01, 5.080E-01, 0) OSCILLATOR DATA
P7+  ( 5.824760E+01, 2.850000E+02, 1.530E-01, 0) OSCILLATOR DATA
P7+  ( 1.148136E+01, 3.470000E+02, 9.020E-02, 0) OSCILLATOR DATA
P7+  ( 5.740680E+00, 3.500000E+02, 9.020E-02, 0) OSCILLATOR DATA
P7+  ( 2.000000E+00, 4.100000E+02, 1.300E-01, 7) OSCILLATOR DATA
P7+  ( 5.740680E+00, 4.380000E+02, 1.740E-01, 0) OSCILLATOR DATA
P7+  ( 2.612920E+00, 5.430000E+02, 1.130E-01, 8) OSCILLATOR DATA
P7+  ( 1.148138E+01, 6.970000E+02, 1.000E-01, 9) OSCILLATOR DATA
P7+  ( 5.740680E+00, 4.038000E+03, 4.400E-02,20) OSCILLATOR DATA
P8   NUMBER OF INPUT ENERGIES=(106) FOR ELECTRONS /.LT.180/
 1.00E+02  7.854E-02  1.756E-01  1.643E-01  4.246E+02  6.170E-04
 1.25E+02  9.150E-02  2.308E-01  2.020E-01  3.900E+02  7.348E-04
 1.50E+02  1.036E-01  2.908E-01  2.406E-01  3.600E+02  8.475E-04
 1.75E+02  1.150E-01  3.553E-01  2.804E-01  3.335E+02  9.556E-04
 2.00E+02  1.259E-01  4.243E-01  3.218E-01  3.108E+02  1.060E-03
 2.50E+02  1.468E-01  5.751E-01  4.092E-01  2.739E+02  1.258E-03
 3.00E+02  1.666E-01  7.425E-01  5.031E-01  2.456E+02  1.443E-03
 3.50E+02  1.857E-01  9.257E-01  6.034E-01  2.231E+02  1.615E-03
 4.00E+02  2.043E-01  1.124E+00  7.100E-01  2.047E+02  1.775E-03
 4.50E+02  2.226E-01  1.338E+00  8.228E-01  1.895E+02  1.923E-03
 5.00E+02  2.406E-01  1.567E+00  9.416E-01  1.765E+02  2.060E-03
 6.00E+02  2.758E-01  2.067E+00  1.197E+00  1.558E+02  2.305E-03
 7.00E+02  3.104E-01  2.623E+00  1.475E+00  1.399E+02  2.512E-03
 8.00E+02  3.445E-01  3.232E+00  1.776E+00  1.273E+02  2.687E-03
 9.00E+02  3.782E-01  3.893E+00  2.097E+00  1.192E+02  2.832E-03
 1.00E+03  4.116E-01  4.606E+00  2.439E+00  1.114E+02  2.950E-03
 1.25E+03  4.940E-01  6.604E+00  3.382E+00  9.638E+01  3.150E-03
 1.50E+03  5.752E-01  8.899E+00  4.445E+00  8.505E+01  3.307E-03
 1.75E+03  6.553E-01  1.148E+01  5.623E+00  7.634E+01  3.432E-03
 2.00E+03  7.348E-01  1.434E+01  6.911E+00  6.947E+01  3.538E-03
 2.50E+03  8.920E-01  2.087E+01  9.807E+00  5.943E+01  3.705E-03
 3.00E+03  1.047E+00  2.844E+01  1.311E+01  5.207E+01  3.833E-03
 3.50E+03  1.201E+00  3.700E+01  1.681E+01  4.647E+01  3.936E-03
 4.00E+03  1.353E+00  4.654E+01  2.089E+01  4.206E+01  4.019E-03
 4.50E+03  1.504E+00  5.703E+01  2.534E+01  3.851E+01  4.090E-03
 5.00E+03  1.654E+00  6.846E+01  3.016E+01  3.557E+01  4.150E-03
 6.00E+03  1.951E+00  9.402E+01  4.085E+01  3.096E+01  4.248E-03
 7.00E+03  2.246E+00  1.231E+02  5.290E+01  2.751E+01  4.323E-03
 8.00E+03  2.538E+00  1.557E+02  6.629E+01  2.483E+01  4.385E-03
 9.00E+03  2.828E+00  1.916E+02  8.096E+01  2.267E+01  4.435E-03
 1.00E+04  3.115E+00  2.308E+02  9.693E+01  2.089E+01  4.478E-03
 1.25E+04  3.825E+00  3.429E+02  1.421E+02  1.758E+01  4.559E-03
 1.50E+04  4.523E+00  4.743E+02  1.947E+02  1.527E+01  4.618E-03
 1.75E+04  5.211E+00  6.242E+02  2.543E+02  1.356E+01  4.664E-03
 2.00E+04  5.887E+00  7.922E+02  3.207E+02  1.223E+01  4.700E-03
 2.50E+04  7.213E+00  1.180E+03  4.730E+02  1.030E+01  4.754E-03
 3.00E+04  8.500E+00  1.634E+03  6.500E+02  8.969E+00  4.796E-03
 3.50E+04  9.753E+00  2.152E+03  8.503E+02  7.986E+00  4.830E-03
 4.00E+04  1.097E+01  2.729E+03  1.073E+03  7.229E+00  4.860E-03
 4.50E+04  1.215E+01  3.365E+03  1.317E+03  6.629E+00  4.888E-03
 5.00E+04  1.330E+01  4.056E+03  1.581E+03  6.141E+00  4.914E-03
 6.00E+04  1.552E+01  5.597E+03  2.167E+03  5.392E+00  4.964E-03
 7.00E+04  1.762E+01  7.339E+03  2.826E+03  4.844E+00  5.013E-03
 8.00E+04  1.962E+01  9.268E+03  3.551E+03  4.426E+00  5.063E-03
 9.00E+04  2.152E+01  1.137E+04  4.340E+03  4.095E+00  5.115E-03
 1.00E+05  2.332E+01  1.365E+04  5.189E+03  3.828E+00  5.170E-03
 1.25E+05  2.755E+01  2.011E+04  7.585E+03  3.339E+00  5.318E-03
 1.50E+05  3.124E+01  2.736E+04  1.025E+04  3.009E+00  5.479E-03
 1.75E+05  3.453E+01  3.539E+04  1.320E+04  2.771E+00  5.652E-03
 2.00E+05  3.747E+01  4.413E+04  1.638E+04  2.592E+00  5.835E-03
 2.50E+05  4.252E+01  6.347E+04  2.339E+04  2.343E+00  6.231E-03
 3.00E+05  4.667E+01  8.502E+04  3.116E+04  2.179E+00  6.666E-03
 3.50E+05  5.011E+01  1.085E+05  3.959E+04  2.064E+00  7.132E-03
 4.00E+05  5.300E+01  1.338E+05  4.861E+04  1.981E+00  7.627E-03
 4.50E+05  5.545E+01  1.606E+05  5.819E+04  1.918E+00  8.148E-03
 5.00E+05  5.755E+01  1.890E+05  6.826E+04  1.869E+00  8.696E-03
 6.00E+05  6.092E+01  2.499E+05  8.987E+04  1.801E+00  9.852E-03
 7.00E+05  6.350E+01  3.161E+05  1.133E+05  1.757E+00  1.108E-02
 8.00E+05  6.551E+01  3.872E+05  1.384E+05  1.727E+00  1.237E-02
 9.00E+05  6.710E+01  4.631E+05  1.651E+05  1.707E+00  1.372E-02
 1.00E+06  6.840E+01  5.435E+05  1.935E+05  1.693E+00  1.512E-02
 1.25E+06  7.072E+01  7.645E+05  2.711E+05  1.675E+00  1.882E-02
 1.50E+06  7.221E+01  1.013E+06  3.581E+05  1.670E+00  2.278E-02
 1.75E+06  7.327E+01  1.287E+06  4.543E+05  1.671E+00  2.695E-02
 2.00E+06  7.401E+01  1.588E+06  5.595E+05  1.675E+00  3.129E-02
 2.50E+06  7.498E+01  2.266E+06  7.965E+05  1.687E+00  4.041E-02
 3.00E+06  7.557E+01  3.044E+06  1.068E+06  1.701E+00  4.999E-02
 3.50E+06  7.593E+01  3.921E+06  1.374E+06  1.715E+00  5.995E-02
 4.00E+06  7.620E+01  4.895E+06  1.713E+06  1.728E+00  7.022E-02
 4.50E+06  7.639E+01  5.964E+06  2.085E+06  1.740E+00  8.078E-02
 5.00E+06  7.652E+01  7.129E+06  2.490E+06  1.752E+00  9.157E-02
 6.00E+06  7.673E+01  9.738E+06  3.396E+06  1.772E+00  1.138E-01
 7.00E+06  7.683E+01  1.271E+07  4.427E+06  1.790E+00  1.367E-01
 8.00E+06  7.692E+01  1.604E+07  5.584E+06  1.806E+00  1.601E-01
 9.00E+06  7.696E+01  1.973E+07  6.862E+06  1.820E+00  1.841E-01
 1.00E+07  7.701E+01  2.378E+07  8.263E+06  1.832E+00  2.084E-01
 1.25E+07  7.706E+01  3.541E+07  1.228E+07  1.858E+00  2.708E-01
 1.50E+07  7.710E+01  4.917E+07  1.704E+07  1.879E+00  3.349E-01
 1.75E+07  7.714E+01  6.504E+07  2.251E+07  1.897E+00  4.002E-01
 2.00E+07  7.714E+01  8.303E+07  2.871E+07  1.911E+00  4.665E-01
 2.50E+07  7.716E+01  1.251E+08  4.317E+07  1.935E+00  6.014E-01
 3.00E+07  7.716E+01  1.754E+08  6.042E+07  1.954E+00  7.385E-01
 3.50E+07  7.718E+01  2.339E+08  8.043E+07  1.969E+00  8.774E-01
 4.00E+07  7.718E+01  3.005E+08  1.032E+08  1.982E+00  1.018E+00
 4.50E+07  7.718E+01  3.753E+08  1.287E+08  1.993E+00  1.159E+00
 5.00E+07  7.718E+01  4.584E+08  1.569E+08  2.003E+00  1.301E+00
 6.00E+07  7.718E+01  6.495E+08  2.216E+08  2.019E+00  1.588E+00
 7.00E+07  7.718E+01  8.740E+08  2.974E+08  2.033E+00  1.878E+00
 8.00E+07  7.718E+01  1.132E+09  3.843E+08  2.045E+00  2.169E+00
 9.00E+07  7.718E+01  1.425E+09  4.825E+08  2.055E+00  2.462E+00
 1.00E+08  7.718E+01  1.751E+09  5.919E+08  2.064E+00  2.757E+00
 1.25E+08  7.718E+01  2.718E+09  9.152E+08  2.083E+00  3.497E+00
 1.50E+08  7.718E+01  3.901E+09  1.310E+09  2.099E+00  4.244E+00
 1.75E+08  7.718E+01  5.299E+09  1.776E+09  2.111E+00  4.993E+00
 2.00E+08  7.718E+01  6.912E+09  2.314E+09  2.123E+00  5.745E+00
 2.50E+08  7.718E+01  1.078E+10  3.605E+09  2.141E+00  7.256E+00
 3.00E+08  7.718E+01  1.552E+10  5.184E+09  2.156E+00  8.773E+00
 3.50E+08  7.718E+01  2.112E+10  7.049E+09  2.169E+00  1.030E+01
 4.00E+08  7.718E+01  2.758E+10  9.203E+09  2.180E+00  1.182E+01
 4.50E+08  7.718E+01  3.489E+10  1.164E+10  2.190E+00  1.335E+01
 5.00E+08  7.718E+01  4.307E+10  1.437E+10  2.198E+00  1.488E+01
 6.00E+08  7.718E+01  6.203E+10  2.069E+10  2.213E+00  1.795E+01
 7.00E+08  7.718E+01  8.442E+10  2.815E+10  2.226E+00  2.102E+01
 8.00E+08  7.718E+01  1.102E+11  3.677E+10  2.237E+00  2.410E+01
 9.00E+08  7.718E+01  1.395E+11  4.652E+10  2.246E+00  2.718E+01
 1.00E+09  7.718E+01  1.723E+11  5.744E+10  2.255E+00  3.026E+01
P10  NUMBER OF INPUT ENERGIES=(106) FOR POSITRONS /.LT.180/
 1.00E+02  1.224E-01  5.198E-01  2.851E-01  5.323E+02  7.322E-05
 1.25E+02  1.360E-01  6.442E-01  3.463E-01  4.830E+02  9.483E-05
 1.50E+02  1.489E-01  7.733E-01  4.091E-01  4.423E+02  1.170E-04
 1.75E+02  1.611E-01  9.070E-01  4.735E-01  4.067E+02  1.395E-04
 2.00E+02  1.729E-01  1.046E+00  5.396E-01  3.765E+02  1.623E-04
 2.50E+02  1.955E-01  1.336E+00  6.770E-01  3.284E+02  2.082E-04
 3.00E+02  2.170E-01  1.645E+00  8.213E-01  2.920E+02  2.540E-04
 3.50E+02  2.377E-01  1.971E+00  9.724E-01  2.635E+02  2.992E-04
 4.00E+02  2.579E-01  2.313E+00  1.130E+00  2.405E+02  3.433E-04
 4.50E+02  2.776E-01  2.672E+00  1.295E+00  2.216E+02  3.863E-04
 5.00E+02  2.969E-01  3.047E+00  1.465E+00  2.057E+02  4.278E-04
 6.00E+02  3.346E-01  3.843E+00  1.825E+00  1.804E+02  5.060E-04
 7.00E+02  3.714E-01  4.699E+00  2.209E+00  1.612E+02  5.775E-04
 8.00E+02  4.075E-01  5.611E+00  2.616E+00  1.459E+02  6.420E-04
 9.00E+02  4.430E-01  6.579E+00  3.045E+00  1.362E+02  6.998E-04
 1.00E+03  4.780E-01  7.602E+00  3.496E+00  1.271E+02  7.510E-04
 1.25E+03  5.638E-01  1.039E+01  4.716E+00  1.098E+02  8.526E-04
 1.50E+03  6.479E-01  1.348E+01  6.063E+00  9.689E+01  9.397E-04
 1.75E+03  7.305E-01  1.689E+01  7.530E+00  8.686E+01  1.016E-03
 2.00E+03  8.122E-01  2.057E+01  9.113E+00  7.884E+01  1.084E-03
 2.50E+03  9.731E-01  2.880E+01  1.261E+01  6.713E+01  1.202E-03
 3.00E+03  1.132E+00  3.809E+01  1.654E+01  5.861E+01  1.301E-03
 3.50E+03  1.288E+00  4.843E+01  2.088E+01  5.216E+01  1.387E-03
 4.00E+03  1.443E+00  5.977E+01  2.561E+01  4.709E+01  1.464E-03
 4.50E+03  1.596E+00  7.208E+01  3.072E+01  4.301E+01  1.532E-03
 5.00E+03  1.749E+00  8.537E+01  3.621E+01  3.963E+01  1.595E-03
 6.00E+03  2.050E+00  1.147E+02  4.828E+01  3.437E+01  1.704E-03
 7.00E+03  2.348E+00  1.476E+02  6.174E+01  3.045E+01  1.798E-03
 8.00E+03  2.644E+00  1.841E+02  7.658E+01  2.740E+01  1.880E-03
 9.00E+03  2.936E+00  2.241E+02  9.271E+01  2.495E+01  1.953E-03
 1.00E+04  3.226E+00  2.673E+02  1.101E+02  2.295E+01  2.019E-03
 1.25E+04  3.942E+00  3.898E+02  1.592E+02  1.923E+01  2.160E-03
 1.50E+04  4.645E+00  5.321E+02  2.158E+02  1.664E+01  2.276E-03
 1.75E+04  5.337E+00  6.935E+02  2.796E+02  1.472E+01  2.375E-03
 2.00E+04  6.017E+00  8.735E+02  3.503E+02  1.325E+01  2.461E-03
 2.50E+04  7.347E+00  1.286E+03  5.118E+02  1.111E+01  2.605E-03
 3.00E+04  8.641E+00  1.768E+03  6.986E+02  9.628E+00  2.725E-03
 3.50E+04  9.896E+00  2.315E+03  9.095E+02  8.542E+00  2.828E-03
 4.00E+04  1.112E+01  2.925E+03  1.144E+03  7.708E+00  2.919E-03
 4.50E+04  1.231E+01  3.595E+03  1.400E+03  7.047E+00  3.000E-03
 5.00E+04  1.346E+01  4.323E+03  1.677E+03  6.510E+00  3.074E-03
 6.00E+04  1.568E+01  5.946E+03  2.292E+03  5.688E+00  3.208E-03
 7.00E+04  1.778E+01  7.779E+03  2.982E+03  5.088E+00  3.326E-03
 8.00E+04  1.978E+01  9.811E+03  3.743E+03  4.631E+00  3.435E-03
 9.00E+04  2.168E+01  1.203E+04  4.570E+03  4.270E+00  3.537E-03
 1.00E+05  2.349E+01  1.442E+04  5.459E+03  3.978E+00  3.635E-03
 1.25E+05  2.755E+01  2.114E+04  7.950E+03  3.446E+00  3.867E-03
 1.50E+05  3.124E+01  2.877E+04  1.075E+04  3.087E+00  4.089E-03
 1.75E+05  3.453E+01  3.722E+04  1.383E+04  2.829E+00  4.307E-03
 2.00E+05  3.747E+01  4.643E+04  1.716E+04  2.635E+00  4.525E-03
 2.50E+05  4.252E+01  6.685E+04  2.452E+04  2.364E+00  4.966E-03
 3.00E+05  4.667E+01  8.961E+04  3.267E+04  2.187E+00  5.424E-03
 3.50E+05  5.011E+01  1.145E+05  4.152E+04  2.062E+00  5.899E-03
 4.00E+05  5.300E+01  1.411E+05  5.100E+04  1.971E+00  6.395E-03
 4.50E+05  5.545E+01  1.695E+05  6.105E+04  1.903E+00  6.910E-03
 5.00E+05  5.755E+01  1.995E+05  7.164E+04  1.850E+00  7.446E-03
 6.00E+05  6.092E+01  2.639E+05  9.431E+04  1.776E+00  8.570E-03
 7.00E+05  6.350E+01  3.338E+05  1.188E+05  1.727E+00  9.756E-03
 8.00E+05  6.551E+01  4.089E+05  1.451E+05  1.695E+00  1.100E-02
 9.00E+05  6.710E+01  4.889E+05  1.732E+05  1.672E+00  1.230E-02
 1.00E+06  6.840E+01  5.738E+05  2.028E+05  1.656E+00  1.365E-02
 1.25E+06  7.072E+01  8.063E+05  2.840E+05  1.635E+00  1.724E-02
 1.50E+06  7.221E+01  1.067E+06  3.749E+05  1.628E+00  2.107E-02
 1.75E+06  7.327E+01  1.356E+06  4.752E+05  1.627E+00  2.512E-02
 2.00E+06  7.401E+01  1.671E+06  5.849E+05  1.630E+00  2.935E-02
 2.50E+06  7.498E+01  2.382E+06  8.317E+05  1.641E+00  3.825E-02
 3.00E+06  7.557E+01  3.196E+06  1.114E+06  1.654E+00  4.764E-02
 3.50E+06  7.593E+01  4.113E+06  1.432E+06  1.667E+00  5.743E-02
 4.00E+06  7.620E+01  5.130E+06  1.784E+06  1.679E+00  6.755E-02
 4.50E+06  7.639E+01  6.246E+06  2.170E+06  1.691E+00  7.797E-02
 5.00E+06  7.652E+01  7.460E+06  2.589E+06  1.702E+00  8.864E-02
 6.00E+06  7.673E+01  1.016E+07  3.524E+06  1.722E+00  1.106E-01
 7.00E+06  7.683E+01  1.327E+07  4.596E+06  1.739E+00  1.333E-01
 8.00E+06  7.692E+01  1.674E+07  5.793E+06  1.755E+00  1.566E-01
 9.00E+06  7.696E+01  2.058E+07  7.114E+06  1.769E+00  1.804E-01
 1.00E+07  7.701E+01  2.478E+07  8.561E+06  1.781E+00  2.047E-01
 1.25E+07  7.706E+01  3.684E+07  1.271E+07  1.807E+00  2.668E-01
 1.50E+07  7.710E+01  5.111E+07  1.761E+07  1.827E+00  3.307E-01
 1.75E+07  7.714E+01  6.754E+07  2.325E+07  1.845E+00  3.959E-01
 2.00E+07  7.714E+01  8.612E+07  2.962E+07  1.859E+00  4.621E-01
 2.50E+07  7.716E+01  1.296E+08  4.451E+07  1.883E+00  5.969E-01
 3.00E+07  7.716E+01  1.815E+08  6.223E+07  1.901E+00  7.339E-01
 3.50E+07  7.718E+01  2.417E+08  8.276E+07  1.916E+00  8.728E-01
 4.00E+07  7.718E+01  3.102E+08  1.061E+08  1.929E+00  1.013E+00
 4.50E+07  7.718E+01  3.870E+08  1.322E+08  1.940E+00  1.154E+00
 5.00E+07  7.718E+01  4.722E+08  1.611E+08  1.950E+00  1.297E+00
 6.00E+07  7.718E+01  6.677E+08  2.271E+08  1.966E+00  1.584E+00
 7.00E+07  7.718E+01  8.967E+08  3.044E+08  1.980E+00  1.874E+00
 8.00E+07  7.718E+01  1.160E+09  3.928E+08  1.992E+00  2.165E+00
 9.00E+07  7.718E+01  1.457E+09  4.925E+08  2.002E+00  2.459E+00
 1.00E+08  7.718E+01  1.788E+09  6.035E+08  2.011E+00  2.754E+00
 1.25E+08  7.718E+01  2.767E+09  9.308E+08  2.030E+00  3.494E+00
 1.50E+08  7.718E+01  3.962E+09  1.330E+09  2.046E+00  4.241E+00
 1.75E+08  7.718E+01  5.371E+09  1.800E+09  2.059E+00  4.991E+00
 2.00E+08  7.718E+01  6.995E+09  2.341E+09  2.070E+00  5.743E+00
 2.50E+08  7.718E+01  1.089E+10  3.641E+09  2.088E+00  7.255E+00
 3.00E+08  7.718E+01  1.565E+10  5.226E+09  2.103E+00  8.773E+00
 3.50E+08  7.718E+01  2.127E+10  7.100E+09  2.116E+00  1.030E+01
 4.00E+08  7.718E+01  2.775E+10  9.259E+09  2.127E+00  1.182E+01
 4.50E+08  7.718E+01  3.509E+10  1.170E+10  2.137E+00  1.335E+01
 5.00E+08  7.718E+01  4.329E+10  1.444E+10  2.145E+00  1.488E+01
 6.00E+08  7.718E+01  6.228E+10  2.077E+10  2.160E+00  1.795E+01
 7.00E+08  7.718E+01  8.471E+10  2.825E+10  2.173E+00  2.102E+01
 8.00E+08  7.718E+01  1.106E+11  3.687E+10  2.183E+00  2.410E+01
 9.00E+08  7.718E+01  1.399E+11  4.665E+10  2.193E+00  2.718E+01
 1.00E+09  7.718E+01  1.727E+11  5.757E+10  2.202E+00  3.026E+01
P12  NUMBER OF INPUT ENERGIES=(102) FOR PHOTONS /.LT.400/
 1.000E+03  1.585E+00  7.843E-02  3.210E+03  7.613E-37
 1.250E+03  1.515E+00  8.117E-02  1.769E+03  7.613E-37
 1.500E+03  1.441E+00  8.436E-02  1.081E+03  7.613E-37
 1.750E+03  1.364E+00  8.777E-02  7.064E+02  7.613E-37
 2.000E+03  1.289E+00  9.126E-02  4.865E+02  7.613E-37
 2.500E+03  1.144E+00  9.802E-02  2.582E+02  7.613E-37
 3.000E+03  1.014E+00  1.042E-01  1.531E+02  7.613E-37
 3.500E+03  9.016E-01  1.097E-01  9.789E+01  7.613E-37
 4.000E+03  8.056E-01  1.147E-01  6.627E+01  7.613E-37
 4.038E+03  7.989E-01  1.150E-01  6.446E+01  7.613E-37
 4.038E+03  7.989E-01  1.150E-01  2.242E+02  7.613E-37
 4.500E+03  7.241E-01  1.191E-01  1.699E+02  7.613E-37
 5.000E+03  6.549E-01  1.231E-01  1.290E+02  7.613E-37
 6.000E+03  5.453E-01  1.299E-01  7.876E+01  7.613E-37
 7.000E+03  4.636E-01  1.357E-01  5.161E+01  7.613E-37
 8.000E+03  4.008E-01  1.408E-01  3.566E+01  7.613E-37
 9.000E+03  3.514E-01  1.451E-01  2.561E+01  7.613E-37
 1.000E+04  3.114E-01  1.490E-01  1.899E+01  7.613E-37
 1.250E+04  2.384E-01  1.567E-01  9.998E+00  7.613E-37
 1.500E+04  1.889E-01  1.624E-01  5.875E+00  7.613E-37
 1.750E+04  1.532E-01  1.664E-01  3.729E+00  7.613E-37
 2.000E+04  1.265E-01  1.693E-01  2.506E+00  7.613E-37
 2.500E+04  8.998E-02  1.727E-01  1.281E+00  7.613E-37
 3.000E+04  6.710E-02  1.740E-01  7.363E-01  7.613E-37
 3.500E+04  5.222E-02  1.741E-01  4.593E-01  7.613E-37
 4.000E+04  4.186E-02  1.735E-01  3.043E-01  7.613E-37
 4.500E+04  3.433E-02  1.725E-01  2.113E-01  7.613E-37
 5.000E+04  2.865E-02  1.711E-01  1.522E-01  7.613E-37
 6.000E+04  2.082E-02  1.679E-01  8.612E-02  7.613E-37
 7.000E+04  1.579E-02  1.645E-01  5.307E-02  7.613E-37
 8.000E+04  1.238E-02  1.610E-01  3.485E-02  7.613E-37
 9.000E+04  9.953E-03  1.576E-01  2.403E-02  7.613E-37
 1.000E+05  8.174E-03  1.543E-01  1.723E-02  7.613E-37
 1.250E+05  5.359E-03  1.467E-01  8.522E-03  7.613E-37
 1.500E+05  3.780E-03  1.399E-01  4.802E-03  7.613E-37
 1.750E+05  2.807E-03  1.339E-01  2.964E-03  7.613E-37
 2.000E+05  2.166E-03  1.285E-01  1.958E-03  7.613E-37
 2.500E+05  1.400E-03  1.194E-01  9.884E-04  7.613E-37
 3.000E+05  9.778E-04  1.120E-01  5.727E-04  7.613E-37
 3.500E+05  7.211E-04  1.058E-01  3.653E-04  7.613E-37
 4.000E+05  5.535E-04  1.004E-01  2.501E-04  7.613E-37
 4.500E+05  4.381E-04  9.581E-02  1.807E-04  7.613E-37
 5.000E+05  3.553E-04  9.175E-02  1.363E-04  7.613E-37
 6.000E+05  2.472E-04  8.490E-02  8.544E-05  7.613E-37
 7.000E+05  1.818E-04  7.930E-02  5.847E-05  7.613E-37
 8.000E+05  1.393E-04  7.461E-02  4.337E-05  7.613E-37
 9.000E+05  1.101E-04  7.058E-02  3.421E-05  7.613E-37
 1.000E+06  8.922E-05  6.707E-02  2.697E-05  7.613E-37
 1.022E+06  8.542E-05  6.636E-02  2.550E-05  7.613E-37
 1.250E+06  5.713E-05  5.997E-02  1.727E-05  2.194E-05
 1.500E+06  3.968E-05  5.449E-02  1.248E-05  1.190E-04
 1.750E+06  2.916E-05  5.010E-02  9.598E-06  2.760E-04
 2.000E+06  2.233E-05  4.648E-02  7.745E-06  4.701E-04
 2.044E+06  2.138E-05  4.591E-02  7.485E-06  5.067E-04
 2.500E+06  1.429E-05  4.082E-02  5.516E-06  9.026E-04
 3.000E+06  9.926E-06  3.655E-02  4.245E-06  1.347E-03
 3.500E+06  7.293E-06  3.320E-02  3.434E-06  1.786E-03
 4.000E+06  5.584E-06  3.048E-02  2.876E-06  2.209E-03
 4.500E+06  4.412E-06  2.823E-02  2.471E-06  2.611E-03
 5.000E+06  3.574E-06  2.632E-02  2.163E-06  2.993E-03
 6.000E+06  2.482E-06  2.326E-02  1.729E-06  3.704E-03
 7.000E+06  1.823E-06  2.090E-02  1.437E-06  4.344E-03
 8.000E+06  1.396E-06  1.902E-02  1.229E-06  4.924E-03
 9.000E+06  1.103E-06  1.748E-02  1.073E-06  5.453E-03
 1.000E+07  8.934E-07  1.619E-02  9.514E-07  5.936E-03
 1.100E+07  7.384E-07  1.510E-02  8.547E-07  6.377E-03
 1.200E+07  6.204E-07  1.416E-02  7.757E-07  6.782E-03
 1.300E+07  5.287E-07  1.334E-02  7.100E-07  7.158E-03
 1.400E+07  4.558E-07  1.262E-02  6.543E-07  7.512E-03
 1.500E+07  3.971E-07  1.198E-02  6.069E-07  7.840E-03
 1.600E+07  3.490E-07  1.140E-02  5.658E-07  8.152E-03
 1.800E+07  2.758E-07  1.042E-02  4.980E-07  8.722E-03
 2.000E+07  2.234E-07  9.608E-03  4.448E-07  9.231E-03
 2.200E+07  1.846E-07  8.921E-03  4.020E-07  9.696E-03
 2.400E+07  1.551E-07  8.334E-03  3.666E-07  1.012E-02
 2.600E+07  1.322E-07  7.826E-03  3.367E-07  1.051E-02
 2.800E+07  1.140E-07  7.380E-03  3.117E-07  1.087E-02
 3.000E+07  9.927E-08  6.987E-03  2.898E-07  1.120E-02
 3.500E+07  7.293E-08  6.177E-03  2.467E-07  1.194E-02
 4.000E+07  5.584E-08  5.547E-03  2.149E-07  1.257E-02
 4.500E+07  4.412E-08  5.042E-03  1.903E-07  1.312E-02
 5.000E+07  3.574E-08  4.627E-03  1.707E-07  1.360E-02
 6.000E+07  2.482E-08  3.984E-03  1.416E-07  1.442E-02
 7.000E+07  1.823E-08  3.507E-03  1.209E-07  1.509E-02
 8.000E+07  1.396E-08  3.139E-03  1.056E-07  1.566E-02
 9.000E+07  1.103E-08  2.844E-03  9.365E-08  1.614E-02
 1.000E+08  8.934E-09  2.604E-03  8.414E-08  1.656E-02
 1.250E+08  5.718E-09  2.157E-03  6.713E-08  1.742E-02
 1.500E+08  3.971E-09  1.848E-03  5.584E-08  1.807E-02
 1.750E+08  2.917E-09  1.620E-03  4.779E-08  1.859E-02
 2.000E+08  2.234E-09  1.445E-03  4.176E-08  1.901E-02
 2.500E+08  1.430E-09  1.193E-03  3.336E-08  1.967E-02
 3.000E+08  9.927E-10  1.019E-03  2.778E-08  2.015E-02
 3.500E+08  7.293E-10  8.917E-04  2.380E-08  2.053E-02
 4.000E+08  5.584E-10  7.939E-04  2.081E-08  2.083E-02
 4.500E+08  4.412E-10  7.164E-04  1.849E-08  2.108E-02
 5.000E+08  3.574E-10  6.533E-04  1.664E-08  2.129E-02
 6.000E+08  2.482E-10  5.569E-04  1.386E-08  2.163E-02
 7.000E+08  1.823E-10  4.863E-04  1.187E-08  2.188E-02
 8.000E+08  1.396E-10  4.323E-04  1.039E-08  2.208E-02
 9.000E+08  1.103E-10  3.896E-04  9.231E-09  2.224E-02
 1.000E+09  8.934E-11  3.549E-04  8.307E-09  2.237E-02
