P1   MATERIAL:(Brain                                     -DBASE)
P2   MASS DENSITY=( 1.0300E+00) g/cm**3
P3   NUMBER OF ELEMENTS IN THE MOLECULE=(13) /.LE.15/
P4+  ATOMIC NUMBER=( 1),ATOMS/MOLECULE=( 6.547220E-01)
P4+  ATOMIC NUMBER=( 6),ATOMS/MOLECULE=( 6.226500E-02)
P4+  ATOMIC NUMBER=( 7),ATOMS/MOLECULE=( 5.653520E-03)
P4+  ATOMIC NUMBER=( 8),ATOMS/MOLECULE=( 2.749450E-01)
P4+  ATOMIC NUMBER=(11),ATOMS/MOLECULE=( 4.772430E-04)
P4+  ATOMIC NUMBER=(12),ATOMS/MOLECULE=( 3.680040E-05)
P4+  ATOMIC NUMBER=(15),ATOMS/MOLECULE=( 6.815000E-04)
P4+  ATOMIC NUMBER=(16),ATOMS/MOLECULE=( 3.292050E-04)
P4+  ATOMIC NUMBER=(17),ATOMS/MOLECULE=( 3.969310E-04)
P4+  ATOMIC NUMBER=(19),ATOMS/MOLECULE=( 4.727820E-04)
P4+  ATOMIC NUMBER=(20),ATOMS/MOLECULE=( 1.338970E-05)
P4+  ATOMIC NUMBER=(26),ATOMS/MOLECULE=( 5.338590E-06)
P4+  ATOMIC NUMBER=(30),ATOMS/MOLECULE=( 9.120350E-07)
P5   MEAN EXCITATION ENERGY=(   73.30) eV
P6   NUMBER OF OSCILLATORS=(28) /.LE.30/
P7+  ( 9.500250E-04, 4.474480E+00, 2.264E+00, 0) OSCILLATOR DATA
P7+  ( 2.677940E-05, 6.000000E+00, 1.950E+00, 0) OSCILLATOR DATA
P7+  ( 1.272539E-04, 8.081451E+00, 1.132E+00, 0) OSCILLATOR DATA
P7+  ( 2.039197E+00, 1.359213E+01, 5.497E-01, 0) OSCILLATOR DATA
P7+  ( 3.630554E-03, 1.800000E+01, 4.497E-01, 0) OSCILLATOR DATA
P7+  ( 5.499703E-01, 2.400014E+01, 5.790E-01, 0) OSCILLATOR DATA
P7+  ( 3.809022E-03, 3.194815E+01, 3.106E-01, 0) OSCILLATOR DATA
P7+  ( 1.234099E-03, 5.949516E+01, 3.528E-01, 0) OSCILLATOR DATA
P7+  ( 8.975019E-05, 8.939207E+01, 3.340E-01, 0) OSCILLATOR DATA
P7+  ( 6.066054E-03, 1.441662E+02, 1.301E-01, 0) OSCILLATOR DATA
P7+  ( 4.402996E-03, 2.009081E+02, 1.727E-01, 0) OSCILLATOR DATA
P7+  ( 1.281606E-01, 2.851363E+02, 1.521E-01, 0) OSCILLATOR DATA
P7+  ( 1.025902E-03, 3.764755E+02, 1.776E-01, 0) OSCILLATOR DATA
P7+  ( 1.130704E-02, 4.100000E+02, 1.300E-01, 7) OSCILLATOR DATA
P7+  ( 2.677940E-05, 4.380000E+02, 1.740E-01, 0) OSCILLATOR DATA
P7+  ( 5.498900E-01, 5.430000E+02, 1.130E-01, 8) OSCILLATOR DATA
P7+  ( 4.270872E-05, 7.440454E+02, 8.050E-02, 0) OSCILLATOR DATA
P7+  ( 5.472210E-06, 1.029610E+03, 5.490E-02, 0) OSCILLATOR DATA
P7+  ( 9.544860E-04, 1.072000E+03, 8.150E-02,11) OSCILLATOR DATA
P7+  ( 1.824070E-06, 1.196000E+03, 1.080E-01, 0) OSCILLATOR DATA
P7+  ( 7.360080E-05, 1.303000E+03, 7.450E-02,12) OSCILLATOR DATA
P7+  ( 1.363000E-03, 2.149000E+03, 5.920E-02,15) OSCILLATOR DATA
P7+  ( 6.584100E-04, 2.472000E+03, 5.530E-02,16) OSCILLATOR DATA
P7+  ( 7.938620E-04, 2.823000E+03, 5.200E-02,17) OSCILLATOR DATA
P7+  ( 9.455640E-04, 3.608000E+03, 4.640E-02,19) OSCILLATOR DATA
P7+  ( 2.677940E-05, 4.038000E+03, 4.400E-02,20) OSCILLATOR DATA
P7+  ( 1.067718E-05, 7.111000E+03, 3.360E-02,26) OSCILLATOR DATA
P7+  ( 1.824070E-06, 9.661000E+03, 2.900E-02,30) OSCILLATOR DATA
P8   NUMBER OF INPUT ENERGIES=(106) FOR ELECTRONS /.LT.180/
 1.00E+02  9.241E-02  1.732E-01  1.803E-01  4.228E+02  6.205E-04
 1.25E+02  1.093E-01  2.275E-01  2.188E-01  3.986E+02  7.349E-04
 1.50E+02  1.249E-01  2.868E-01  2.568E-01  3.728E+02  8.439E-04
 1.75E+02  1.396E-01  3.510E-01  2.953E-01  3.488E+02  9.477E-04
 2.00E+02  1.536E-01  4.198E-01  3.348E-01  3.273E+02  1.048E-03
 2.50E+02  1.801E-01  5.709E-01  4.176E-01  2.915E+02  1.236E-03
 3.00E+02  2.052E-01  7.393E-01  5.064E-01  2.632E+02  1.410E-03
 3.50E+02  2.291E-01  9.242E-01  6.013E-01  2.404E+02  1.571E-03
 4.00E+02  2.524E-01  1.125E+00  7.025E-01  2.216E+02  1.720E-03
 4.50E+02  2.751E-01  1.343E+00  8.099E-01  2.058E+02  1.857E-03
 5.00E+02  2.974E-01  1.575E+00  9.235E-01  1.924E+02  1.984E-03
 6.00E+02  3.411E-01  2.087E+00  1.169E+00  1.706E+02  2.208E-03
 7.00E+02  3.840E-01  2.658E+00  1.439E+00  1.547E+02  2.395E-03
 8.00E+02  4.263E-01  3.287E+00  1.732E+00  1.414E+02  2.551E-03
 9.00E+02  4.682E-01  3.973E+00  2.047E+00  1.304E+02  2.678E-03
 1.00E+03  5.098E-01  4.717E+00  2.386E+00  1.212E+02  2.781E-03
 1.25E+03  6.131E-01  6.816E+00  3.330E+00  1.049E+02  2.949E-03
 1.50E+03  7.153E-01  9.253E+00  4.408E+00  9.308E+01  3.074E-03
 1.75E+03  8.172E-01  1.201E+01  5.616E+00  8.363E+01  3.172E-03
 2.00E+03  9.184E-01  1.510E+01  6.952E+00  7.603E+01  3.250E-03
 2.50E+03  1.120E+00  2.220E+01  9.991E+00  6.471E+01  3.369E-03
 3.00E+03  1.321E+00  3.051E+01  1.351E+01  5.667E+01  3.458E-03
 3.50E+03  1.521E+00  3.999E+01  1.749E+01  5.057E+01  3.522E-03
 4.00E+03  1.721E+00  5.063E+01  2.192E+01  4.576E+01  3.574E-03
 4.50E+03  1.919E+00  6.238E+01  2.678E+01  4.187E+01  3.616E-03
 5.00E+03  2.117E+00  7.522E+01  3.207E+01  3.865E+01  3.648E-03
 6.00E+03  2.512E+00  1.042E+02  4.391E+01  3.363E+01  3.700E-03
 7.00E+03  2.903E+00  1.373E+02  5.737E+01  2.987E+01  3.736E-03
 8.00E+03  3.293E+00  1.745E+02  7.240E+01  2.694E+01  3.766E-03
 9.00E+03  3.680E+00  2.157E+02  8.895E+01  2.459E+01  3.786E-03
 1.00E+04  4.065E+00  2.607E+02  1.070E+02  2.266E+01  3.803E-03
 1.25E+04  5.017E+00  3.901E+02  1.584E+02  1.904E+01  3.830E-03
 1.50E+04  5.956E+00  5.423E+02  2.185E+02  1.652E+01  3.848E-03
 1.75E+04  6.881E+00  7.165E+02  2.871E+02  1.466E+01  3.860E-03
 2.00E+04  7.793E+00  9.122E+02  3.635E+02  1.321E+01  3.868E-03
 2.50E+04  9.582E+00  1.365E+03  5.394E+02  1.112E+01  3.881E-03
 3.00E+04  1.132E+01  1.896E+03  7.446E+02  9.678E+00  3.891E-03
 3.50E+04  1.301E+01  2.502E+03  9.774E+02  8.613E+00  3.903E-03
 4.00E+04  1.466E+01  3.181E+03  1.237E+03  7.795E+00  3.916E-03
 4.50E+04  1.625E+01  3.928E+03  1.521E+03  7.146E+00  3.928E-03
 5.00E+04  1.781E+01  4.741E+03  1.830E+03  6.617E+00  3.943E-03
 6.00E+04  2.081E+01  6.556E+03  2.515E+03  5.808E+00  3.973E-03
 7.00E+04  2.365E+01  8.611E+03  3.287E+03  5.217E+00  4.009E-03
 8.00E+04  2.634E+01  1.089E+04  4.138E+03  4.766E+00  4.049E-03
 9.00E+04  2.891E+01  1.338E+04  5.065E+03  4.410E+00  4.091E-03
 1.00E+05  3.135E+01  1.606E+04  6.062E+03  4.122E+00  4.137E-03
 1.25E+05  3.705E+01  2.369E+04  8.876E+03  3.597E+00  4.263E-03
 1.50E+05  4.203E+01  3.228E+04  1.202E+04  3.243E+00  4.399E-03
 1.75E+05  4.648E+01  4.181E+04  1.550E+04  2.988E+00  4.545E-03
 2.00E+05  5.046E+01  5.217E+04  1.925E+04  2.797E+00  4.701E-03
 2.50E+05  5.728E+01  7.516E+04  2.755E+04  2.531E+00  5.034E-03
 3.00E+05  6.288E+01  1.008E+05  3.675E+04  2.358E+00  5.398E-03
 3.50E+05  6.754E+01  1.287E+05  4.674E+04  2.237E+00  5.792E-03
 4.00E+05  7.145E+01  1.588E+05  5.744E+04  2.150E+00  6.210E-03
 4.50E+05  7.476E+01  1.908E+05  6.881E+04  2.085E+00  6.649E-03
 5.00E+05  7.759E+01  2.247E+05  8.079E+04  2.035E+00  7.109E-03
 6.00E+05  8.216E+01  2.974E+05  1.065E+05  1.963E+00  8.088E-03
 7.00E+05  8.564E+01  3.764E+05  1.343E+05  1.917E+00  9.124E-03
 8.00E+05  8.837E+01  4.614E+05  1.642E+05  1.885E+00  1.021E-02
 9.00E+05  9.051E+01  5.521E+05  1.961E+05  1.863E+00  1.136E-02
 1.00E+06  9.226E+01  6.483E+05  2.299E+05  1.848E+00  1.254E-02
 1.25E+06  9.541E+01  9.124E+05  3.224E+05  1.827E+00  1.568E-02
 1.50E+06  9.744E+01  1.209E+06  4.262E+05  1.819E+00  1.904E-02
 1.75E+06  9.885E+01  1.538E+06  5.410E+05  1.818E+00  2.257E-02
 2.00E+06  9.985E+01  1.898E+06  6.667E+05  1.821E+00  2.626E-02
 2.50E+06  1.012E+02  2.710E+06  9.499E+05  1.831E+00  3.400E-02
 3.00E+06  1.020E+02  3.644E+06  1.274E+06  1.843E+00  4.214E-02
 3.50E+06  1.025E+02  4.695E+06  1.640E+06  1.855E+00  5.064E-02
 4.00E+06  1.028E+02  5.862E+06  2.046E+06  1.867E+00  5.941E-02
 4.50E+06  1.031E+02  7.145E+06  2.490E+06  1.878E+00  6.843E-02
 5.00E+06  1.033E+02  8.542E+06  2.975E+06  1.889E+00  7.766E-02
 6.00E+06  1.035E+02  1.167E+07  4.059E+06  1.908E+00  9.665E-02
 7.00E+06  1.037E+02  1.524E+07  5.295E+06  1.925E+00  1.163E-01
 8.00E+06  1.038E+02  1.924E+07  6.681E+06  1.940E+00  1.364E-01
 9.00E+06  1.038E+02  2.366E+07  8.213E+06  1.953E+00  1.570E-01
 1.00E+07  1.039E+02  2.853E+07  9.889E+06  1.965E+00  1.780E-01
 1.25E+07  1.040E+02  4.248E+07  1.471E+07  1.990E+00  2.318E-01
 1.50E+07  1.040E+02  5.900E+07  2.041E+07  2.010E+00  2.871E-01
 1.75E+07  1.041E+02  7.805E+07  2.697E+07  2.028E+00  3.436E-01
 2.00E+07  1.041E+02  9.960E+07  3.437E+07  2.042E+00  4.010E-01
 2.50E+07  1.041E+02  1.501E+08  5.172E+07  2.066E+00  5.178E-01
 3.00E+07  1.041E+02  2.103E+08  7.237E+07  2.084E+00  6.367E-01
 3.50E+07  1.041E+02  2.803E+08  9.632E+07  2.100E+00  7.574E-01
 4.00E+07  1.041E+02  3.600E+08  1.235E+08  2.113E+00  8.791E-01
 4.50E+07  1.041E+02  4.494E+08  1.540E+08  2.124E+00  1.002E+00
 5.00E+07  1.041E+02  5.484E+08  1.877E+08  2.134E+00  1.125E+00
 6.00E+07  1.041E+02  7.760E+08  2.649E+08  2.151E+00  1.374E+00
 7.00E+07  1.041E+02  1.043E+09  3.551E+08  2.165E+00  1.626E+00
 8.00E+07  1.041E+02  1.350E+09  4.585E+08  2.177E+00  1.879E+00
 9.00E+07  1.041E+02  1.696E+09  5.750E+08  2.187E+00  2.134E+00
 1.00E+08  1.041E+02  2.084E+09  7.049E+08  2.197E+00  2.390E+00
 1.25E+08  1.041E+02  3.230E+09  1.088E+09  2.216E+00  3.033E+00
 1.50E+08  1.041E+02  4.630E+09  1.556E+09  2.232E+00  3.682E+00
 1.75E+08  1.041E+02  6.285E+09  2.108E+09  2.245E+00  4.333E+00
 2.00E+08  1.041E+02  8.195E+09  2.745E+09  2.257E+00  4.987E+00
 2.50E+08  1.041E+02  1.278E+10  4.272E+09  2.276E+00  6.301E+00
 3.00E+08  1.041E+02  1.838E+10  6.140E+09  2.292E+00  7.621E+00
 3.50E+08  1.041E+02  2.500E+10  8.347E+09  2.305E+00  8.946E+00
 4.00E+08  1.041E+02  3.264E+10  1.090E+10  2.316E+00  1.027E+01
 4.50E+08  1.041E+02  4.130E+10  1.378E+10  2.326E+00  1.160E+01
 5.00E+08  1.041E+02  5.098E+10  1.701E+10  2.335E+00  1.294E+01
 6.00E+08  1.041E+02  7.339E+10  2.448E+10  2.351E+00  1.561E+01
 7.00E+08  1.041E+02  9.987E+10  3.331E+10  2.364E+00  1.828E+01
 8.00E+08  1.041E+02  1.304E+11  4.349E+10  2.375E+00  2.096E+01
 9.00E+08  1.041E+02  1.651E+11  5.504E+10  2.385E+00  2.364E+01
 1.00E+09  1.041E+02  2.037E+11  6.794E+10  2.394E+00  2.632E+01
P10  NUMBER OF INPUT ENERGIES=(106) FOR POSITRONS /.LT.180/
 1.00E+02  1.590E-01  5.553E-01  3.122E-01  5.509E+02  8.115E-05
 1.25E+02  1.771E-01  6.839E-01  3.771E-01  5.086E+02  1.044E-04
 1.50E+02  1.943E-01  8.161E-01  4.428E-01  4.691E+02  1.281E-04
 1.75E+02  2.104E-01  9.519E-01  5.097E-01  4.343E+02  1.521E-04
 2.00E+02  2.260E-01  1.092E+00  5.778E-01  4.042E+02  1.763E-04
 2.50E+02  2.555E-01  1.382E+00  7.179E-01  3.554E+02  2.249E-04
 3.00E+02  2.835E-01  1.688E+00  8.633E-01  3.177E+02  2.732E-04
 3.50E+02  3.104E-01  2.010E+00  1.015E+00  2.880E+02  3.207E-04
 4.00E+02  3.365E-01  2.347E+00  1.172E+00  2.638E+02  3.671E-04
 4.50E+02  3.619E-01  2.699E+00  1.334E+00  2.437E+02  4.120E-04
 5.00E+02  3.867E-01  3.066E+00  1.502E+00  2.268E+02  4.554E-04
 6.00E+02  4.351E-01  3.846E+00  1.857E+00  1.997E+02  5.368E-04
 7.00E+02  4.821E-01  4.684E+00  2.233E+00  1.799E+02  6.108E-04
 8.00E+02  5.282E-01  5.580E+00  2.632E+00  1.638E+02  6.772E-04
 9.00E+02  5.734E-01  6.532E+00  3.054E+00  1.505E+02  7.364E-04
 1.00E+03  6.182E-01  7.541E+00  3.498E+00  1.394E+02  7.884E-04
 1.25E+03  7.277E-01  1.030E+01  4.701E+00  1.199E+02  8.906E-04
 1.50E+03  8.352E-01  1.339E+01  6.035E+00  1.061E+02  9.770E-04
 1.75E+03  9.415E-01  1.682E+01  7.499E+00  9.517E+01  1.052E-03
 2.00E+03  1.046E+00  2.055E+01  9.088E+00  8.641E+01  1.117E-03
 2.50E+03  1.254E+00  2.896E+01  1.263E+01  7.326E+01  1.229E-03
 3.00E+03  1.459E+00  3.858E+01  1.665E+01  6.386E+01  1.323E-03
 3.50E+03  1.663E+00  4.937E+01  2.112E+01  5.677E+01  1.403E-03
 4.00E+03  1.866E+00  6.130E+01  2.605E+01  5.122E+01  1.472E-03
 4.50E+03  2.067E+00  7.436E+01  3.141E+01  4.674E+01  1.534E-03
 5.00E+03  2.266E+00  8.852E+01  3.719E+01  4.305E+01  1.589E-03
 6.00E+03  2.664E+00  1.201E+02  5.002E+01  3.731E+01  1.685E-03
 7.00E+03  3.059E+00  1.559E+02  6.447E+01  3.303E+01  1.766E-03
 8.00E+03  3.451E+00  1.958E+02  8.051E+01  2.971E+01  1.837E-03
 9.00E+03  3.840E+00  2.397E+02  9.807E+01  2.705E+01  1.898E-03
 1.00E+04  4.227E+00  2.876E+02  1.172E+02  2.487E+01  1.954E-03
 1.25E+04  5.183E+00  4.239E+02  1.712E+02  2.081E+01  2.070E-03
 1.50E+04  6.125E+00  5.835E+02  2.340E+02  1.799E+01  2.165E-03
 1.75E+04  7.053E+00  7.654E+02  3.054E+02  1.590E+01  2.244E-03
 2.00E+04  7.968E+00  9.691E+02  3.848E+02  1.430E+01  2.312E-03
 2.50E+04  9.758E+00  1.439E+03  5.671E+02  1.198E+01  2.427E-03
 3.00E+04  1.150E+01  1.990E+03  7.791E+02  1.038E+01  2.520E-03
 3.50E+04  1.319E+01  2.618E+03  1.019E+03  9.201E+00  2.601E-03
 4.00E+04  1.484E+01  3.317E+03  1.287E+03  8.301E+00  2.673E-03
 4.50E+04  1.644E+01  4.089E+03  1.579E+03  7.587E+00  2.737E-03
 5.00E+04  1.800E+01  4.928E+03  1.898E+03  7.007E+00  2.796E-03
 6.00E+04  2.100E+01  6.802E+03  2.603E+03  6.121E+00  2.901E-03
 7.00E+04  2.383E+01  8.921E+03  3.398E+03  5.475E+00  2.997E-03
 8.00E+04  2.655E+01  1.127E+04  4.275E+03  4.982E+00  3.086E-03
 9.00E+04  2.911E+01  1.384E+04  5.229E+03  4.594E+00  3.170E-03
 1.00E+05  3.155E+01  1.662E+04  6.256E+03  4.281E+00  3.251E-03
 1.25E+05  3.705E+01  2.439E+04  9.119E+03  3.710E+00  3.445E-03
 1.50E+05  4.203E+01  3.324E+04  1.235E+04  3.325E+00  3.630E-03
 1.75E+05  4.648E+01  4.306E+04  1.592E+04  3.049E+00  3.813E-03
 2.00E+05  5.046E+01  5.376E+04  1.979E+04  2.842E+00  3.997E-03
 2.50E+05  5.728E+01  7.750E+04  2.832E+04  2.554E+00  4.370E-03
 3.00E+05  6.288E+01  1.040E+05  3.780E+04  2.366E+00  4.757E-03
 3.50E+05  6.754E+01  1.329E+05  4.809E+04  2.235E+00  5.165E-03
 4.00E+05  7.145E+01  1.640E+05  5.912E+04  2.141E+00  5.591E-03
 4.50E+05  7.476E+01  1.971E+05  7.082E+04  2.070E+00  6.033E-03
 5.00E+05  7.759E+01  2.321E+05  8.316E+04  2.015E+00  6.493E-03
 6.00E+05  8.216E+01  3.073E+05  1.096E+05  1.937E+00  7.464E-03
 7.00E+05  8.564E+01  3.890E+05  1.383E+05  1.886E+00  8.489E-03
 8.00E+05  8.837E+01  4.768E+05  1.690E+05  1.851E+00  9.565E-03
 9.00E+05  9.051E+01  5.705E+05  2.018E+05  1.826E+00  1.069E-02
 1.00E+06  9.226E+01  6.699E+05  2.365E+05  1.809E+00  1.186E-02
 1.25E+06  9.541E+01  9.425E+05  3.316E+05  1.785E+00  1.495E-02
 1.50E+06  9.744E+01  1.248E+06  4.382E+05  1.775E+00  1.826E-02
 1.75E+06  9.885E+01  1.588E+06  5.560E+05  1.772E+00  2.175E-02
 2.00E+06  9.985E+01  1.958E+06  6.848E+05  1.774E+00  2.540E-02
 2.50E+06  1.012E+02  2.794E+06  9.751E+05  1.782E+00  3.307E-02
 3.00E+06  1.020E+02  3.753E+06  1.308E+06  1.793E+00  4.115E-02
 3.50E+06  1.025E+02  4.833E+06  1.682E+06  1.804E+00  4.959E-02
 4.00E+06  1.028E+02  6.032E+06  2.097E+06  1.816E+00  5.832E-02
 4.50E+06  1.031E+02  7.349E+06  2.553E+06  1.826E+00  6.731E-02
 5.00E+06  1.033E+02  8.781E+06  3.047E+06  1.837E+00  7.652E-02
 6.00E+06  1.035E+02  1.196E+07  4.145E+06  1.855E+00  9.547E-02
 7.00E+06  1.037E+02  1.564E+07  5.417E+06  1.872E+00  1.151E-01
 8.00E+06  1.038E+02  1.975E+07  6.830E+06  1.886E+00  1.352E-01
 9.00E+06  1.038E+02  2.428E+07  8.393E+06  1.899E+00  1.558E-01
 1.00E+07  1.039E+02  2.925E+07  1.010E+07  1.911E+00  1.768E-01
 1.25E+07  1.040E+02  4.353E+07  1.502E+07  1.936E+00  2.307E-01
 1.50E+07  1.040E+02  6.042E+07  2.083E+07  1.956E+00  2.860E-01
 1.75E+07  1.041E+02  7.987E+07  2.751E+07  1.973E+00  3.426E-01
 2.00E+07  1.041E+02  1.019E+08  3.505E+07  1.987E+00  4.001E-01
 2.50E+07  1.041E+02  1.534E+08  5.270E+07  2.011E+00  5.170E-01
 3.00E+07  1.041E+02  2.149E+08  7.370E+07  2.029E+00  6.361E-01
 3.50E+07  1.041E+02  2.861E+08  9.803E+07  2.045E+00  7.568E-01
 4.00E+07  1.041E+02  3.672E+08  1.256E+08  2.058E+00  8.787E-01
 4.50E+07  1.041E+02  4.581E+08  1.566E+08  2.069E+00  1.001E+00
 5.00E+07  1.041E+02  5.589E+08  1.908E+08  2.079E+00  1.125E+00
 6.00E+07  1.041E+02  7.898E+08  2.689E+08  2.095E+00  1.374E+00
 7.00E+07  1.041E+02  1.060E+09  3.604E+08  2.109E+00  1.626E+00
 8.00E+07  1.041E+02  1.371E+09  4.649E+08  2.121E+00  1.879E+00
 9.00E+07  1.041E+02  1.722E+09  5.827E+08  2.132E+00  2.134E+00
 1.00E+08  1.041E+02  2.113E+09  7.139E+08  2.141E+00  2.390E+00
 1.25E+08  1.041E+02  3.268E+09  1.100E+09  2.161E+00  3.033E+00
 1.50E+08  1.041E+02  4.678E+09  1.571E+09  2.176E+00  3.682E+00
 1.75E+08  1.041E+02  6.342E+09  2.126E+09  2.190E+00  4.333E+00
 2.00E+08  1.041E+02  8.261E+09  2.766E+09  2.201E+00  4.987E+00
 2.50E+08  1.041E+02  1.286E+10  4.300E+09  2.220E+00  6.301E+00
 3.00E+08  1.041E+02  1.848E+10  6.173E+09  2.236E+00  7.621E+00
 3.50E+08  1.041E+02  2.513E+10  8.386E+09  2.249E+00  8.946E+00
 4.00E+08  1.041E+02  3.277E+10  1.094E+10  2.260E+00  1.027E+01
 4.50E+08  1.041E+02  4.145E+10  1.383E+10  2.271E+00  1.160E+01
 5.00E+08  1.041E+02  5.114E+10  1.706E+10  2.280E+00  1.294E+01
 6.00E+08  1.041E+02  7.358E+10  2.454E+10  2.295E+00  1.561E+01
 7.00E+08  1.041E+02  1.001E+11  3.337E+10  2.308E+00  1.828E+01
 8.00E+08  1.041E+02  1.306E+11  4.357E+10  2.320E+00  2.096E+01
 9.00E+08  1.041E+02  1.653E+11  5.512E+10  2.330E+00  2.364E+01
 1.00E+09  1.041E+02  2.040E+11  6.803E+10  2.339E+00  2.632E+01
P12  NUMBER OF INPUT ENERGIES=(128) FOR PHOTONS /.LT.400/
 1.000E+03  1.338E+00  1.039E-02  3.739E+03  1.000E-35
 1.010E+03  1.336E+00  1.069E-02  3.643E+03  1.000E-35
 1.020E+03  1.334E+00  1.101E-02  3.549E+03  1.000E-35
 1.020E+03  1.334E+00  1.101E-02  3.549E+03  1.000E-35
 1.031E+03  1.332E+00  1.138E-02  3.445E+03  1.000E-35
 1.035E+03  1.331E+00  1.151E-02  3.407E+03  1.000E-35
 1.043E+03  1.330E+00  1.175E-02  3.343E+03  1.000E-35
 1.043E+03  1.330E+00  1.175E-02  3.343E+03  1.000E-35
 1.072E+03  1.324E+00  1.271E-02  3.104E+03  1.000E-35
 1.072E+03  1.324E+00  1.271E-02  3.115E+03  1.000E-35
 1.116E+03  1.316E+00  1.418E-02  2.801E+03  1.000E-35
 1.194E+03  1.300E+00  1.689E-02  2.339E+03  1.000E-35
 1.194E+03  1.300E+00  1.689E-02  2.339E+03  1.000E-35
 1.250E+03  1.289E+00  1.891E-02  2.067E+03  1.000E-35
 1.305E+03  1.277E+00  2.092E-02  1.839E+03  1.000E-35
 1.305E+03  1.277E+00  2.092E-02  1.840E+03  1.000E-35
 1.500E+03  1.233E+00  2.821E-02  1.261E+03  1.000E-35
 1.750E+03  1.173E+00  3.764E-02  8.221E+02  1.000E-35
 2.000E+03  1.111E+00  4.687E-02  5.641E+02  1.000E-35
 2.146E+03  1.075E+00  5.206E-02  4.614E+02  1.000E-35
 2.146E+03  1.075E+00  5.206E-02  4.692E+02  1.000E-35
 2.472E+03  9.944E-01  6.312E-02  3.133E+02  1.000E-35
 2.472E+03  9.944E-01  6.312E-02  3.165E+02  1.000E-35
 2.500E+03  9.876E-01  6.403E-02  3.066E+02  1.000E-35
 2.822E+03  9.112E-01  7.396E-02  2.159E+02  1.000E-35
 2.822E+03  9.112E-01  7.396E-02  2.193E+02  1.000E-35
 3.000E+03  8.710E-01  7.905E-02  1.841E+02  1.000E-35
 3.500E+03  7.665E-01  9.192E-02  1.173E+02  1.000E-35
 3.607E+03  7.459E-01  9.443E-02  1.073E+02  1.000E-35
 3.607E+03  7.459E-01  9.443E-02  1.106E+02  1.000E-35
 4.000E+03  6.757E-01  1.029E-01  8.155E+01  1.000E-35
 4.038E+03  6.693E-01  1.036E-01  7.929E+01  1.000E-35
 4.038E+03  6.693E-01  1.036E-01  7.937E+01  1.000E-35
 4.500E+03  5.981E-01  1.122E-01  5.756E+01  1.000E-35
 5.000E+03  5.322E-01  1.201E-01  4.202E+01  1.000E-35
 6.000E+03  4.292E-01  1.327E-01  2.426E+01  1.000E-35
 7.000E+03  3.544E-01  1.421E-01  1.518E+01  1.000E-35
 7.112E+03  3.474E-01  1.430E-01  1.446E+01  1.000E-35
 7.112E+03  3.474E-01  1.430E-01  1.447E+01  1.000E-35
 8.000E+03  2.989E-01  1.493E-01  1.009E+01  1.000E-35
 9.000E+03  2.566E-01  1.550E-01  7.022E+00  1.000E-35
 9.659E+03  2.339E-01  1.582E-01  5.641E+00  1.000E-35
 9.659E+03  2.339E-01  1.582E-01  5.643E+00  1.000E-35
 1.000E+04  2.235E-01  1.597E-01  5.067E+00  1.000E-35
 1.250E+04  1.662E-01  1.683E-01  2.523E+00  1.000E-35
 1.500E+04  1.297E-01  1.742E-01  1.420E+00  1.000E-35
 1.750E+04  1.045E-01  1.784E-01  8.710E-01  1.000E-35
 2.000E+04  8.611E-02  1.813E-01  5.689E-01  1.000E-35
 2.500E+04  6.127E-02  1.845E-01  2.779E-01  1.000E-35
 3.000E+04  4.566E-02  1.857E-01  1.542E-01  1.000E-35
 3.500E+04  3.526E-02  1.855E-01  9.354E-02  1.000E-35
 4.000E+04  2.801E-02  1.846E-01  6.057E-02  1.000E-35
 4.500E+04  2.278E-02  1.832E-01  4.125E-02  1.000E-35
 5.000E+04  1.889E-02  1.816E-01  2.923E-02  1.000E-35
 6.000E+04  1.358E-02  1.779E-01  1.609E-02  1.000E-35
 7.000E+04  1.023E-02  1.740E-01  9.702E-03  1.000E-35
 8.000E+04  7.974E-03  1.702E-01  6.260E-03  1.000E-35
 9.000E+04  6.386E-03  1.664E-01  4.254E-03  1.000E-35
 1.000E+05  5.226E-03  1.628E-01  3.012E-03  1.000E-35
 1.250E+05  3.403E-03  1.546E-01  1.453E-03  1.000E-35
 1.500E+05  2.387E-03  1.473E-01  8.033E-04  1.000E-35
 1.750E+05  1.765E-03  1.409E-01  4.887E-04  1.000E-35
 2.000E+05  1.357E-03  1.353E-01  3.190E-04  1.000E-35
 2.500E+05  8.731E-04  1.257E-01  1.583E-04  1.000E-35
 3.000E+05  6.081E-04  1.178E-01  9.065E-05  1.000E-35
 3.500E+05  4.476E-04  1.112E-01  5.730E-05  1.000E-35
 4.000E+05  3.431E-04  1.056E-01  3.894E-05  1.000E-35
 4.500E+05  2.713E-04  1.007E-01  2.797E-05  1.000E-35
 5.000E+05  2.199E-04  9.645E-02  2.103E-05  1.000E-35
 6.000E+05  1.528E-04  8.924E-02  1.311E-05  1.000E-35
 7.000E+05  1.123E-04  8.337E-02  8.879E-06  1.000E-35
 8.000E+05  8.601E-05  7.842E-02  6.624E-06  1.000E-35
 9.000E+05  6.798E-05  7.418E-02  5.329E-06  1.000E-35
 1.000E+06  5.507E-05  7.049E-02  4.118E-06  1.000E-35
 1.022E+06  5.272E-05  6.974E-02  3.848E-06  1.000E-35
 1.250E+06  3.525E-05  6.302E-02  2.611E-06  1.739E-05
 1.500E+06  2.448E-05  5.727E-02  1.893E-06  9.608E-05
 1.750E+06  1.799E-05  5.265E-02  1.462E-06  2.242E-04
 2.000E+06  1.377E-05  4.885E-02  1.188E-06  3.823E-04
 2.044E+06  1.319E-05  4.825E-02  1.149E-06  4.120E-04
 2.500E+06  8.816E-06  4.290E-02  8.530E-07  7.363E-04
 3.000E+06  6.122E-06  3.841E-02  6.615E-07  1.106E-03
 3.500E+06  4.498E-06  3.489E-02  5.384E-07  1.473E-03
 4.000E+06  3.444E-06  3.203E-02  4.531E-07  1.827E-03
 4.500E+06  2.721E-06  2.966E-02  3.906E-07  2.165E-03
 5.000E+06  2.204E-06  2.766E-02  3.430E-07  2.487E-03
 6.000E+06  1.531E-06  2.444E-02  2.755E-07  3.089E-03
 7.000E+06  1.124E-06  2.196E-02  2.300E-07  3.632E-03
 8.000E+06  8.609E-07  1.999E-02  1.972E-07  4.124E-03
 9.000E+06  6.803E-07  1.837E-02  1.726E-07  4.577E-03
 1.000E+07  5.510E-07  1.702E-02  1.534E-07  4.987E-03
 1.100E+07  4.554E-07  1.587E-02  1.380E-07  5.363E-03
 1.200E+07  3.826E-07  1.488E-02  1.254E-07  5.710E-03
 1.300E+07  3.260E-07  1.402E-02  1.149E-07  6.035E-03
 1.400E+07  2.811E-07  1.326E-02  1.060E-07  6.337E-03
 1.500E+07  2.449E-07  1.259E-02  9.844E-08  6.619E-03
 1.600E+07  2.152E-07  1.198E-02  9.184E-08  6.887E-03
 1.800E+07  1.701E-07  1.095E-02  8.099E-08  7.376E-03
 2.000E+07  1.378E-07  1.010E-02  7.242E-08  7.816E-03
 2.200E+07  1.138E-07  9.375E-03  6.549E-08  8.217E-03
 2.400E+07  9.566E-08  8.758E-03  5.976E-08  8.583E-03
 2.600E+07  8.151E-08  8.224E-03  5.496E-08  8.919E-03
 2.800E+07  7.028E-08  7.756E-03  5.086E-08  9.230E-03
 3.000E+07  6.122E-08  7.342E-03  4.734E-08  9.518E-03
 3.500E+07  4.498E-08  6.491E-03  4.036E-08  1.015E-02
 4.000E+07  3.444E-08  5.829E-03  3.516E-08  1.070E-02
 4.500E+07  2.721E-08  5.298E-03  3.115E-08  1.118E-02
 5.000E+07  2.204E-08  4.862E-03  2.796E-08  1.161E-02
 6.000E+07  1.531E-08  4.186E-03  2.321E-08  1.232E-02
 7.000E+07  1.124E-08  3.685E-03  1.984E-08  1.292E-02
 8.000E+07  8.609E-09  3.298E-03  1.732E-08  1.342E-02
 9.000E+07  6.803E-09  2.989E-03  1.537E-08  1.385E-02
 1.000E+08  5.510E-09  2.736E-03  1.381E-08  1.422E-02
 1.250E+08  3.526E-09  2.267E-03  1.102E-08  1.499E-02
 1.500E+08  2.449E-09  1.942E-03  9.171E-09  1.558E-02
 1.750E+08  1.799E-09  1.703E-03  7.853E-09  1.604E-02
 2.000E+08  1.378E-09  1.519E-03  6.866E-09  1.642E-02
 2.500E+08  8.816E-10  1.254E-03  5.485E-09  1.702E-02
 3.000E+08  6.122E-10  1.071E-03  4.567E-09  1.746E-02
 3.500E+08  4.498E-10  9.370E-04  3.913E-09  1.780E-02
 4.000E+08  3.444E-10  8.343E-04  3.423E-09  1.807E-02
 4.500E+08  2.721E-10  7.528E-04  3.041E-09  1.829E-02
 5.000E+08  2.204E-10  6.866E-04  2.736E-09  1.848E-02
 6.000E+08  1.531E-10  5.852E-04  2.279E-09  1.878E-02
 7.000E+08  1.124E-10  5.110E-04  1.953E-09  1.901E-02
 8.000E+08  8.609E-11  4.543E-04  1.709E-09  1.919E-02
 9.000E+08  6.803E-11  4.094E-04  1.519E-09  1.933E-02
 1.000E+09  5.510E-11  3.730E-04  1.367E-09  1.946E-02
