P1   MATERIAL:(C552                                      -DBASE)
P2   MASS DENSITY=( 1.7600E+00) g/cm**3
P3   NUMBER OF ELEMENTS IN THE MOLECULE=( 5) /.LE.15/
P4+  ATOMIC NUMBER=( 1),ATOMS/MOLECULE=( 2.686100E-01)
P4+  ATOMIC NUMBER=( 6),ATOMS/MOLECULE=( 4.581220E-01)
P4+  ATOMIC NUMBER=( 8),ATOMS/MOLECULE=( 3.103860E-03)
P4+  ATOMIC NUMBER=( 9),ATOMS/MOLECULE=( 2.686120E-01)
P4+  ATOMIC NUMBER=(14),ATOMS/MOLECULE=( 1.551780E-03)
P5   MEAN EXCITATION ENERGY=(   86.80) eV
P6   NUMBER OF OSCILLATORS=(12) /.LE.30/
P7+  ( 1.838700E+00,-1.565130E+01, 8.495E-01, 0) OSCILLATOR DATA
P7+  ( 2.810206E-01, 1.400000E+01, 8.270E-01, 0) OSCILLATOR DATA
P7+  ( 1.343060E+00, 1.700000E+01, 3.070E-01, 0) OSCILLATOR DATA
P7+  ( 6.207720E-03, 2.400000E+01, 5.790E-01, 0) OSCILLATOR DATA
P7+  ( 5.372240E-01, 3.100000E+01, 5.080E-01, 0) OSCILLATOR DATA
P7+  ( 6.207120E-03, 9.900000E+01, 1.490E-01, 0) OSCILLATOR DATA
P7+  ( 3.103560E-03, 1.000000E+02, 1.490E-01, 0) OSCILLATOR DATA
P7+  ( 3.103560E-03, 1.490000E+02, 2.750E-01, 0) OSCILLATOR DATA
P7+  ( 9.162440E-01, 2.850000E+02, 1.530E-01, 0) OSCILLATOR DATA
P7+  ( 6.207720E-03, 5.430000E+02, 1.130E-01, 8) OSCILLATOR DATA
P7+  ( 5.372240E-01, 6.970000E+02, 1.000E-01, 9) OSCILLATOR DATA
P7+  ( 3.103560E-03, 1.839000E+03, 6.350E-02,14) OSCILLATOR DATA
P8   NUMBER OF INPUT ENERGIES=(106) FOR ELECTRONS /.LT.180/
 1.00E+02  9.271E-02  1.754E-01  1.825E-01  3.754E+02  6.148E-04
 1.25E+02  1.079E-01  2.294E-01  2.189E-01  3.542E+02  7.286E-04
 1.50E+02  1.220E-01  2.885E-01  2.557E-01  3.297E+02  8.368E-04
 1.75E+02  1.353E-01  3.524E-01  2.935E-01  3.068E+02  9.399E-04
 2.00E+02  1.481E-01  4.212E-01  3.327E-01  2.867E+02  1.039E-03
 2.50E+02  1.725E-01  5.722E-01  4.154E-01  2.548E+02  1.226E-03
 3.00E+02  1.957E-01  7.409E-01  5.046E-01  2.294E+02  1.400E-03
 3.50E+02  2.180E-01  9.264E-01  6.002E-01  2.091E+02  1.560E-03
 4.00E+02  2.400E-01  1.128E+00  7.023E-01  1.924E+02  1.708E-03
 4.50E+02  2.615E-01  1.347E+00  8.107E-01  1.784E+02  1.845E-03
 5.00E+02  2.828E-01  1.581E+00  9.255E-01  1.665E+02  1.971E-03
 6.00E+02  3.246E-01  2.096E+00  1.174E+00  1.474E+02  2.195E-03
 7.00E+02  3.657E-01  2.671E+00  1.446E+00  1.326E+02  2.382E-03
 8.00E+02  4.065E-01  3.305E+00  1.742E+00  1.208E+02  2.539E-03
 9.00E+02  4.470E-01  3.999E+00  2.061E+00  1.119E+02  2.667E-03
 1.00E+03  4.872E-01  4.749E+00  2.404E+00  1.053E+02  2.771E-03
 1.25E+03  5.870E-01  6.866E+00  3.357E+00  9.076E+01  2.943E-03
 1.50E+03  6.862E-01  9.324E+00  4.446E+00  7.985E+01  3.070E-03
 1.75E+03  7.848E-01  1.211E+01  5.667E+00  7.145E+01  3.165E-03
 2.00E+03  8.830E-01  1.522E+01  7.015E+00  6.496E+01  3.243E-03
 2.50E+03  1.079E+00  2.239E+01  1.009E+01  5.580E+01  3.360E-03
 3.00E+03  1.274E+00  3.078E+01  1.363E+01  4.898E+01  3.442E-03
 3.50E+03  1.468E+00  4.034E+01  1.765E+01  4.374E+01  3.505E-03
 4.00E+03  1.661E+00  5.107E+01  2.212E+01  3.961E+01  3.553E-03
 4.50E+03  1.854E+00  6.293E+01  2.703E+01  3.627E+01  3.591E-03
 5.00E+03  2.046E+00  7.590E+01  3.237E+01  3.352E+01  3.624E-03
 6.00E+03  2.428E+00  1.051E+02  4.433E+01  2.922E+01  3.672E-03
 7.00E+03  2.809E+00  1.385E+02  5.791E+01  2.598E+01  3.706E-03
 8.00E+03  3.187E+00  1.761E+02  7.308E+01  2.346E+01  3.732E-03
 9.00E+03  3.563E+00  2.177E+02  8.979E+01  2.143E+01  3.751E-03
 1.00E+04  3.937E+00  2.631E+02  1.080E+02  1.976E+01  3.767E-03
 1.25E+04  4.862E+00  3.936E+02  1.599E+02  1.663E+01  3.794E-03
 1.50E+04  5.774E+00  5.472E+02  2.206E+02  1.444E+01  3.812E-03
 1.75E+04  6.673E+00  7.230E+02  2.898E+02  1.282E+01  3.825E-03
 2.00E+04  7.559E+00  9.206E+02  3.669E+02  1.156E+01  3.833E-03
 2.50E+04  9.294E+00  1.377E+03  5.446E+02  9.744E+00  3.847E-03
 3.00E+04  1.098E+01  1.914E+03  7.517E+02  8.482E+00  3.860E-03
 3.50E+04  1.263E+01  2.526E+03  9.866E+02  7.552E+00  3.871E-03
 4.00E+04  1.422E+01  3.210E+03  1.248E+03  6.838E+00  3.883E-03
 4.50E+04  1.578E+01  3.963E+03  1.535E+03  6.270E+00  3.896E-03
 5.00E+04  1.729E+01  4.784E+03  1.847E+03  5.808E+00  3.909E-03
 6.00E+04  2.020E+01  6.615E+03  2.539E+03  5.100E+00  3.940E-03
 7.00E+04  2.296E+01  8.689E+03  3.317E+03  4.583E+00  3.973E-03
 8.00E+04  2.558E+01  1.099E+04  4.176E+03  4.187E+00  4.009E-03
 9.00E+04  2.807E+01  1.350E+04  5.112E+03  3.875E+00  4.050E-03
 1.00E+05  3.044E+01  1.621E+04  6.118E+03  3.622E+00  4.093E-03
 1.25E+05  3.597E+01  2.391E+04  8.957E+03  3.160E+00  4.214E-03
 1.50E+05  4.081E+01  3.257E+04  1.213E+04  2.848E+00  4.347E-03
 1.75E+05  4.513E+01  4.218E+04  1.564E+04  2.623E+00  4.491E-03
 2.00E+05  4.899E+01  5.264E+04  1.943E+04  2.454E+00  4.643E-03
 2.50E+05  5.562E+01  7.583E+04  2.780E+04  2.218E+00  4.973E-03
 3.00E+05  6.107E+01  1.017E+05  3.708E+04  2.063E+00  5.336E-03
 3.50E+05  6.559E+01  1.299E+05  4.716E+04  1.954E+00  5.723E-03
 4.00E+05  6.939E+01  1.603E+05  5.797E+04  1.875E+00  6.135E-03
 4.50E+05  7.259E+01  1.925E+05  6.944E+04  1.816E+00  6.567E-03
 5.00E+05  7.536E+01  2.267E+05  8.152E+04  1.770E+00  7.020E-03
 6.00E+05  7.978E+01  2.999E+05  1.074E+05  1.706E+00  7.976E-03
 7.00E+05  8.317E+01  3.797E+05  1.355E+05  1.664E+00  8.994E-03
 8.00E+05  8.581E+01  4.654E+05  1.657E+05  1.636E+00  1.006E-02
 9.00E+05  8.790E+01  5.569E+05  1.978E+05  1.617E+00  1.118E-02
 1.00E+06  8.960E+01  6.539E+05  2.319E+05  1.604E+00  1.234E-02
 1.25E+06  9.266E+01  9.203E+05  3.252E+05  1.587E+00  1.542E-02
 1.50E+06  9.461E+01  1.220E+06  4.299E+05  1.582E+00  1.871E-02
 1.75E+06  9.600E+01  1.551E+06  5.457E+05  1.583E+00  2.218E-02
 2.00E+06  9.697E+01  1.915E+06  6.725E+05  1.587E+00  2.581E-02
 2.50E+06  9.824E+01  2.734E+06  9.581E+05  1.598E+00  3.342E-02
 3.00E+06  9.902E+01  3.674E+06  1.285E+06  1.610E+00  4.143E-02
 3.50E+06  9.949E+01  4.735E+06  1.654E+06  1.623E+00  4.979E-02
 4.00E+06  9.983E+01  5.912E+06  2.063E+06  1.635E+00  5.840E-02
 4.50E+06  1.001E+02  7.205E+06  2.513E+06  1.646E+00  6.726E-02
 5.00E+06  1.003E+02  8.614E+06  3.000E+06  1.656E+00  7.634E-02
 6.00E+06  1.005E+02  1.177E+07  4.094E+06  1.675E+00  9.501E-02
 7.00E+06  1.007E+02  1.536E+07  5.340E+06  1.691E+00  1.143E-01
 8.00E+06  1.008E+02  1.940E+07  6.736E+06  1.706E+00  1.341E-01
 9.00E+06  1.008E+02  2.387E+07  8.281E+06  1.719E+00  1.543E-01
 1.00E+07  1.009E+02  2.877E+07  9.972E+06  1.730E+00  1.749E-01
 1.25E+07  1.010E+02  4.284E+07  1.483E+07  1.754E+00  2.275E-01
 1.50E+07  1.010E+02  5.949E+07  2.058E+07  1.774E+00  2.818E-01
 1.75E+07  1.011E+02  7.871E+07  2.718E+07  1.790E+00  3.370E-01
 2.00E+07  1.011E+02  1.004E+08  3.466E+07  1.803E+00  3.931E-01
 2.50E+07  1.011E+02  1.514E+08  5.215E+07  1.826E+00  5.074E-01
 3.00E+07  1.011E+02  2.121E+08  7.297E+07  1.843E+00  6.235E-01
 3.50E+07  1.011E+02  2.827E+08  9.712E+07  1.857E+00  7.413E-01
 4.00E+07  1.011E+02  3.630E+08  1.245E+08  1.870E+00  8.599E-01
 4.50E+07  1.011E+02  4.531E+08  1.553E+08  1.880E+00  9.798E-01
 5.00E+07  1.011E+02  5.531E+08  1.893E+08  1.889E+00  1.100E+00
 6.00E+07  1.011E+02  7.826E+08  2.671E+08  1.905E+00  1.344E+00
 7.00E+07  1.011E+02  1.052E+09  3.581E+08  1.918E+00  1.589E+00
 8.00E+07  1.011E+02  1.361E+09  4.623E+08  1.929E+00  1.836E+00
 9.00E+07  1.011E+02  1.711E+09  5.800E+08  1.938E+00  2.085E+00
 1.00E+08  1.011E+02  2.102E+09  7.109E+08  1.947E+00  2.335E+00
 1.25E+08  1.011E+02  3.257E+09  1.098E+09  1.965E+00  2.962E+00
 1.50E+08  1.011E+02  4.671E+09  1.570E+09  1.979E+00  3.595E+00
 1.75E+08  1.011E+02  6.341E+09  2.127E+09  1.991E+00  4.230E+00
 2.00E+08  1.011E+02  8.267E+09  2.769E+09  2.001E+00  4.868E+00
 2.50E+08  1.011E+02  1.289E+10  4.311E+09  2.019E+00  6.150E+00
 3.00E+08  1.011E+02  1.855E+10  6.195E+09  2.033E+00  7.437E+00
 3.50E+08  1.011E+02  2.523E+10  8.422E+09  2.045E+00  8.729E+00
 4.00E+08  1.011E+02  3.294E+10  1.099E+10  2.055E+00  1.002E+01
 4.50E+08  1.011E+02  4.167E+10  1.390E+10  2.064E+00  1.132E+01
 5.00E+08  1.011E+02  5.144E+10  1.716E+10  2.072E+00  1.262E+01
 6.00E+08  1.011E+02  7.405E+10  2.470E+10  2.086E+00  1.522E+01
 7.00E+08  1.011E+02  1.008E+11  3.360E+10  2.098E+00  1.783E+01
 8.00E+08  1.011E+02  1.316E+11  4.389E+10  2.108E+00  2.044E+01
 9.00E+08  1.011E+02  1.666E+11  5.553E+10  2.117E+00  2.305E+01
 1.00E+09  1.011E+02  2.056E+11  6.856E+10  2.126E+00  2.567E+01
P10  NUMBER OF INPUT ENERGIES=(106) FOR POSITRONS /.LT.180/
 1.00E+02  1.553E-01  5.792E-01  3.243E-01  4.732E+02  7.475E-05
 1.25E+02  1.718E-01  7.081E-01  3.888E-01  4.417E+02  9.698E-05
 1.50E+02  1.875E-01  8.406E-01  4.542E-01  4.074E+02  1.197E-04
 1.75E+02  2.022E-01  9.769E-01  5.209E-01  3.769E+02  1.429E-04
 2.00E+02  2.166E-01  1.117E+00  5.889E-01  3.504E+02  1.663E-04
 2.50E+02  2.440E-01  1.410E+00  7.293E-01  3.075E+02  2.134E-04
 3.00E+02  2.700E-01  1.719E+00  8.755E-01  2.745E+02  2.605E-04
 3.50E+02  2.952E-01  2.044E+00  1.028E+00  2.485E+02  3.069E-04
 4.00E+02  3.198E-01  2.384E+00  1.186E+00  2.273E+02  3.523E-04
 4.50E+02  3.438E-01  2.740E+00  1.350E+00  2.098E+02  3.965E-04
 5.00E+02  3.673E-01  3.112E+00  1.520E+00  1.951E+02  4.391E-04
 6.00E+02  4.133E-01  3.900E+00  1.879E+00  1.715E+02  5.196E-04
 7.00E+02  4.583E-01  4.748E+00  2.261E+00  1.535E+02  5.931E-04
 8.00E+02  5.024E-01  5.654E+00  2.665E+00  1.392E+02  6.594E-04
 9.00E+02  5.459E-01  6.617E+00  3.092E+00  1.284E+02  7.188E-04
 1.00E+03  5.889E-01  7.637E+00  3.542E+00  1.206E+02  7.713E-04
 1.25E+03  6.945E-01  1.043E+01  4.760E+00  1.036E+02  8.756E-04
 1.50E+03  7.984E-01  1.355E+01  6.111E+00  9.100E+01  9.632E-04
 1.75E+03  9.010E-01  1.701E+01  7.591E+00  8.132E+01  1.038E-03
 2.00E+03  1.003E+00  2.078E+01  9.197E+00  7.366E+01  1.104E-03
 2.50E+03  1.204E+00  2.926E+01  1.278E+01  6.294E+01  1.217E-03
 3.00E+03  1.403E+00  3.896E+01  1.684E+01  5.510E+01  1.309E-03
 3.50E+03  1.600E+00  4.984E+01  2.135E+01  4.911E+01  1.389E-03
 4.00E+03  1.797E+00  6.188E+01  2.632E+01  4.438E+01  1.458E-03
 4.50E+03  1.992E+00  7.504E+01  3.173E+01  4.056E+01  1.519E-03
 5.00E+03  2.187E+00  8.934E+01  3.757E+01  3.740E+01  1.574E-03
 6.00E+03  2.572E+00  1.212E+02  5.052E+01  3.247E+01  1.669E-03
 7.00E+03  2.955E+00  1.572E+02  6.510E+01  2.878E+01  1.750E-03
 8.00E+03  3.335E+00  1.975E+02  8.129E+01  2.591E+01  1.820E-03
 9.00E+03  3.713E+00  2.418E+02  9.901E+01  2.361E+01  1.881E-03
 1.00E+04  4.089E+00  2.900E+02  1.183E+02  2.173E+01  1.936E-03
 1.25E+04  5.017E+00  4.276E+02  1.728E+02  1.820E+01  2.052E-03
 1.50E+04  5.931E+00  5.886E+02  2.363E+02  1.575E+01  2.147E-03
 1.75E+04  6.833E+00  7.721E+02  3.083E+02  1.393E+01  2.227E-03
 2.00E+04  7.721E+00  9.777E+02  3.884E+02  1.253E+01  2.295E-03
 2.50E+04  9.460E+00  1.452E+03  5.723E+02  1.051E+01  2.410E-03
 3.00E+04  1.115E+01  2.008E+03  7.863E+02  9.109E+00  2.505E-03
 3.50E+04  1.280E+01  2.640E+03  1.029E+03  8.081E+00  2.586E-03
 4.00E+04  1.440E+01  3.347E+03  1.299E+03  7.292E+00  2.657E-03
 4.50E+04  1.595E+01  4.125E+03  1.594E+03  6.667E+00  2.720E-03
 5.00E+04  1.747E+01  4.971E+03  1.915E+03  6.159E+00  2.778E-03
 6.00E+04  2.038E+01  6.861E+03  2.627E+03  5.382E+00  2.883E-03
 7.00E+04  2.314E+01  8.999E+03  3.429E+03  4.814E+00  2.977E-03
 8.00E+04  2.576E+01  1.137E+04  4.313E+03  4.382E+00  3.063E-03
 9.00E+04  2.825E+01  1.397E+04  5.276E+03  4.040E+00  3.145E-03
 1.00E+05  3.062E+01  1.676E+04  6.312E+03  3.765E+00  3.223E-03
 1.25E+05  3.597E+01  2.461E+04  9.200E+03  3.261E+00  3.411E-03
 1.50E+05  4.081E+01  3.353E+04  1.246E+04  2.922E+00  3.593E-03
 1.75E+05  4.513E+01  4.343E+04  1.606E+04  2.677E+00  3.774E-03
 2.00E+05  4.899E+01  5.423E+04  1.996E+04  2.494E+00  3.954E-03
 2.50E+05  5.562E+01  7.818E+04  2.857E+04  2.238E+00  4.322E-03
 3.00E+05  6.107E+01  1.049E+05  3.813E+04  2.070E+00  4.708E-03
 3.50E+05  6.559E+01  1.341E+05  4.851E+04  1.952E+00  5.108E-03
 4.00E+05  6.939E+01  1.654E+05  5.963E+04  1.867E+00  5.528E-03
 4.50E+05  7.259E+01  1.988E+05  7.144E+04  1.802E+00  5.963E-03
 5.00E+05  7.536E+01  2.341E+05  8.389E+04  1.752E+00  6.416E-03
 6.00E+05  7.978E+01  3.099E+05  1.106E+05  1.682E+00  7.366E-03
 7.00E+05  8.317E+01  3.923E+05  1.395E+05  1.636E+00  8.373E-03
 8.00E+05  8.581E+01  4.808E+05  1.705E+05  1.605E+00  9.428E-03
 9.00E+05  8.790E+01  5.753E+05  2.035E+05  1.584E+00  1.053E-02
 1.00E+06  8.960E+01  6.755E+05  2.386E+05  1.569E+00  1.167E-02
 1.25E+06  9.266E+01  9.504E+05  3.344E+05  1.549E+00  1.471E-02
 1.50E+06  9.461E+01  1.259E+06  4.419E+05  1.542E+00  1.796E-02
 1.75E+06  9.600E+01  1.601E+06  5.607E+05  1.541E+00  2.139E-02
 2.00E+06  9.697E+01  1.975E+06  6.906E+05  1.544E+00  2.497E-02
 2.50E+06  9.824E+01  2.817E+06  9.832E+05  1.554E+00  3.251E-02
 3.00E+06  9.902E+01  3.784E+06  1.318E+06  1.565E+00  4.047E-02
 3.50E+06  9.949E+01  4.873E+06  1.696E+06  1.577E+00  4.878E-02
 4.00E+06  9.983E+01  6.082E+06  2.114E+06  1.588E+00  5.736E-02
 4.50E+06  1.001E+02  7.409E+06  2.573E+06  1.599E+00  6.619E-02
 5.00E+06  1.003E+02  8.854E+06  3.072E+06  1.609E+00  7.524E-02
 6.00E+06  1.005E+02  1.208E+07  4.187E+06  1.628E+00  9.387E-02
 7.00E+06  1.007E+02  1.578E+07  5.461E+06  1.644E+00  1.132E-01
 8.00E+06  1.008E+02  1.991E+07  6.887E+06  1.658E+00  1.329E-01
 9.00E+06  1.008E+02  2.448E+07  8.463E+06  1.670E+00  1.531E-01
 1.00E+07  1.009E+02  2.949E+07  1.019E+07  1.682E+00  1.737E-01
 1.25E+07  1.010E+02  4.388E+07  1.514E+07  1.705E+00  2.264E-01
 1.50E+07  1.010E+02  6.090E+07  2.099E+07  1.725E+00  2.807E-01
 1.75E+07  1.011E+02  8.053E+07  2.772E+07  1.740E+00  3.361E-01
 2.00E+07  1.011E+02  1.027E+08  3.533E+07  1.754E+00  3.923E-01
 2.50E+07  1.011E+02  1.546E+08  5.312E+07  1.776E+00  5.067E-01
 3.00E+07  1.011E+02  2.166E+08  7.429E+07  1.793E+00  6.229E-01
 3.50E+07  1.011E+02  2.885E+08  9.883E+07  1.808E+00  7.408E-01
 4.00E+07  1.011E+02  3.702E+08  1.267E+08  1.820E+00  8.595E-01
 4.50E+07  1.011E+02  4.619E+08  1.579E+08  1.830E+00  9.795E-01
 5.00E+07  1.011E+02  5.634E+08  1.923E+08  1.839E+00  1.100E+00
 6.00E+07  1.011E+02  7.964E+08  2.712E+08  1.855E+00  1.344E+00
 7.00E+07  1.011E+02  1.069E+09  3.633E+08  1.868E+00  1.589E+00
 8.00E+07  1.011E+02  1.383E+09  4.688E+08  1.879E+00  1.836E+00
 9.00E+07  1.011E+02  1.736E+09  5.876E+08  1.888E+00  2.085E+00
 1.00E+08  1.011E+02  2.131E+09  7.198E+08  1.897E+00  2.335E+00
 1.25E+08  1.011E+02  3.297E+09  1.110E+09  1.914E+00  2.962E+00
 1.50E+08  1.011E+02  4.719E+09  1.585E+09  1.929E+00  3.595E+00
 1.75E+08  1.011E+02  6.398E+09  2.145E+09  1.941E+00  4.230E+00
 2.00E+08  1.011E+02  8.334E+09  2.790E+09  1.951E+00  4.868E+00
 2.50E+08  1.011E+02  1.298E+10  4.339E+09  1.969E+00  6.150E+00
 3.00E+08  1.011E+02  1.865E+10  6.229E+09  1.983E+00  7.437E+00
 3.50E+08  1.011E+02  2.534E+10  8.461E+09  1.995E+00  8.729E+00
 4.00E+08  1.011E+02  3.307E+10  1.104E+10  2.005E+00  1.002E+01
 4.50E+08  1.011E+02  4.182E+10  1.395E+10  2.014E+00  1.132E+01
 5.00E+08  1.011E+02  5.160E+10  1.721E+10  2.022E+00  1.262E+01
 6.00E+08  1.011E+02  7.424E+10  2.476E+10  2.036E+00  1.522E+01
 7.00E+08  1.011E+02  1.010E+11  3.367E+10  2.048E+00  1.783E+01
 8.00E+08  1.011E+02  1.318E+11  4.396E+10  2.058E+00  2.044E+01
 9.00E+08  1.011E+02  1.668E+11  5.561E+10  2.067E+00  2.305E+01
 1.00E+09  1.011E+02  2.059E+11  6.864E+10  2.075E+00  2.567E+01
P12  NUMBER OF INPUT ENERGIES=(102) FOR PHOTONS /.LT.400/
 1.000E+03  1.324E+00  7.313E-02  3.763E+03  1.000E-35
 1.250E+03  1.273E+00  7.628E-02  2.088E+03  1.000E-35
 1.500E+03  1.216E+00  7.950E-02  1.280E+03  1.000E-35
 1.750E+03  1.156E+00  8.274E-02  8.371E+02  1.000E-35
 1.839E+03  1.134E+00  8.389E-02  7.285E+02  1.000E-35
 1.839E+03  1.134E+00  8.389E-02  7.400E+02  1.000E-35
 2.000E+03  1.094E+00  8.596E-02  5.858E+02  1.000E-35
 2.500E+03  9.725E-01  9.211E-02  3.110E+02  1.000E-35
 3.000E+03  8.595E-01  9.776E-02  1.836E+02  1.000E-35
 3.500E+03  7.590E-01  1.029E-01  1.170E+02  1.000E-35
 4.000E+03  6.717E-01  1.075E-01  7.886E+01  1.000E-35
 4.500E+03  5.968E-01  1.117E-01  5.551E+01  1.000E-35
 5.000E+03  5.330E-01  1.155E-01  4.046E+01  1.000E-35
 6.000E+03  4.324E-01  1.222E-01  2.330E+01  1.000E-35
 7.000E+03  3.586E-01  1.280E-01  1.455E+01  1.000E-35
 8.000E+03  3.033E-01  1.331E-01  9.640E+00  1.000E-35
 9.000E+03  2.609E-01  1.375E-01  6.691E+00  1.000E-35
 1.000E+04  2.276E-01  1.414E-01  4.818E+00  1.000E-35
 1.250E+04  1.692E-01  1.491E-01  2.391E+00  1.000E-35
 1.500E+04  1.318E-01  1.547E-01  1.342E+00  1.000E-35
 1.750E+04  1.059E-01  1.588E-01  8.211E-01  1.000E-35
 2.000E+04  8.698E-02  1.617E-01  5.352E-01  1.000E-35
 2.500E+04  6.168E-02  1.651E-01  2.606E-01  1.000E-35
 3.000E+04  4.590E-02  1.664E-01  1.442E-01  1.000E-35
 3.500E+04  3.542E-02  1.665E-01  8.727E-02  1.000E-35
 4.000E+04  2.813E-02  1.658E-01  5.640E-02  1.000E-35
 4.500E+04  2.286E-02  1.647E-01  3.835E-02  1.000E-35
 5.000E+04  1.894E-02  1.633E-01  2.714E-02  1.000E-35
 6.000E+04  1.360E-02  1.601E-01  1.489E-02  1.000E-35
 7.000E+04  1.023E-02  1.567E-01  8.959E-03  1.000E-35
 8.000E+04  7.972E-03  1.532E-01  5.770E-03  1.000E-35
 9.000E+04  6.381E-03  1.499E-01  3.914E-03  1.000E-35
 1.000E+05  5.221E-03  1.467E-01  2.767E-03  1.000E-35
 1.250E+05  3.397E-03  1.393E-01  1.331E-03  1.000E-35
 1.500E+05  2.382E-03  1.328E-01  7.348E-04  1.000E-35
 1.750E+05  1.761E-03  1.270E-01  4.462E-04  1.000E-35
 2.000E+05  1.354E-03  1.219E-01  2.909E-04  1.000E-35
 2.500E+05  8.709E-04  1.133E-01  1.440E-04  1.000E-35
 3.000E+05  6.065E-04  1.062E-01  8.235E-05  1.000E-35
 3.500E+05  4.463E-04  1.003E-01  5.201E-05  1.000E-35
 4.000E+05  3.421E-04  9.520E-02  3.531E-05  1.000E-35
 4.500E+05  2.705E-04  9.081E-02  2.534E-05  1.000E-35
 5.000E+05  2.192E-04  8.696E-02  1.904E-05  1.000E-35
 6.000E+05  1.524E-04  8.046E-02  1.186E-05  1.000E-35
 7.000E+05  1.120E-04  7.514E-02  8.025E-06  1.000E-35
 8.000E+05  8.576E-05  7.070E-02  5.988E-06  1.000E-35
 9.000E+05  6.778E-05  6.688E-02  4.823E-06  1.000E-35
 1.000E+06  5.491E-05  6.356E-02  3.722E-06  1.000E-35
 1.022E+06  5.257E-05  6.288E-02  3.475E-06  1.000E-35
 1.250E+06  3.515E-05  5.682E-02  2.358E-06  1.716E-05
 1.500E+06  2.441E-05  5.163E-02  1.711E-06  9.508E-05
 1.750E+06  1.794E-05  4.747E-02  1.322E-06  2.220E-04
 2.000E+06  1.373E-05  4.404E-02  1.075E-06  3.788E-04
 2.044E+06  1.315E-05  4.350E-02  1.040E-06  4.084E-04
 2.500E+06  8.790E-06  3.868E-02  7.727E-07  7.306E-04
 3.000E+06  6.104E-06  3.463E-02  5.998E-07  1.096E-03
 3.500E+06  4.485E-06  3.146E-02  4.885E-07  1.458E-03
 4.000E+06  3.434E-06  2.888E-02  4.113E-07  1.808E-03
 4.500E+06  2.713E-06  2.674E-02  3.548E-07  2.141E-03
 5.000E+06  2.198E-06  2.494E-02  3.117E-07  2.459E-03
 6.000E+06  1.526E-06  2.204E-02  2.506E-07  3.052E-03
 7.000E+06  1.121E-06  1.980E-02  2.092E-07  3.586E-03
 8.000E+06  8.584E-07  1.802E-02  1.795E-07  4.070E-03
 9.000E+06  6.782E-07  1.656E-02  1.571E-07  4.512E-03
 1.000E+07  5.494E-07  1.534E-02  1.397E-07  4.917E-03
 1.100E+07  4.540E-07  1.431E-02  1.257E-07  5.288E-03
 1.200E+07  3.815E-07  1.342E-02  1.143E-07  5.628E-03
 1.300E+07  3.251E-07  1.264E-02  1.047E-07  5.944E-03
 1.400E+07  2.803E-07  1.196E-02  9.663E-08  6.240E-03
 1.500E+07  2.442E-07  1.135E-02  8.970E-08  6.517E-03
 1.600E+07  2.146E-07  1.081E-02  8.371E-08  6.779E-03
 1.800E+07  1.696E-07  9.874E-03  7.383E-08  7.259E-03
 2.000E+07  1.373E-07  9.103E-03  6.602E-08  7.690E-03
 2.200E+07  1.135E-07  8.453E-03  5.970E-08  8.084E-03
 2.400E+07  9.538E-08  7.896E-03  5.449E-08  8.440E-03
 2.600E+07  8.127E-08  7.414E-03  5.012E-08  8.769E-03
 2.800E+07  7.007E-08  6.992E-03  4.639E-08  9.073E-03
 3.000E+07  6.104E-08  6.620E-03  4.318E-08  9.356E-03
 3.500E+07  4.485E-08  5.852E-03  3.681E-08  9.980E-03
 4.000E+07  3.434E-08  5.255E-03  3.207E-08  1.051E-02
 4.500E+07  2.713E-08  4.777E-03  2.842E-08  1.098E-02
 5.000E+07  2.198E-08  4.383E-03  2.551E-08  1.139E-02
 6.000E+07  1.526E-08  3.774E-03  2.117E-08  1.210E-02
 7.000E+07  1.121E-08  3.323E-03  1.810E-08  1.267E-02
 8.000E+07  8.584E-09  2.974E-03  1.581E-08  1.316E-02
 9.000E+07  6.782E-09  2.695E-03  1.403E-08  1.358E-02
 1.000E+08  5.494E-09  2.467E-03  1.261E-08  1.394E-02
 1.250E+08  3.516E-09  2.044E-03  1.006E-08  1.469E-02
 1.500E+08  2.442E-09  1.751E-03  8.372E-09  1.525E-02
 1.750E+08  1.794E-09  1.535E-03  7.168E-09  1.570E-02
 2.000E+08  1.373E-09  1.370E-03  6.267E-09  1.607E-02
 2.500E+08  8.790E-10  1.130E-03  5.007E-09  1.664E-02
 3.000E+08  6.104E-10  9.656E-04  4.169E-09  1.706E-02
 3.500E+08  4.485E-10  8.448E-04  3.572E-09  1.739E-02
 4.000E+08  3.434E-10  7.522E-04  3.124E-09  1.765E-02
 4.500E+08  2.713E-10  6.787E-04  2.776E-09  1.786E-02
 5.000E+08  2.198E-10  6.190E-04  2.498E-09  1.804E-02
 6.000E+08  1.526E-10  5.276E-04  2.081E-09  1.833E-02
 7.000E+08  1.121E-10  4.607E-04  1.783E-09  1.855E-02
 8.000E+08  8.584E-11  4.096E-04  1.560E-09  1.872E-02
 9.000E+08  6.782E-11  3.691E-04  1.386E-09  1.886E-02
 1.000E+09  5.494E-11  3.363E-04  1.247E-09  1.898E-02
