P1   MATERIAL:(CompactBone                               -DBASE)
P2   MASS DENSITY=( 1.8500E+00) g/cm**3
P3   NUMBER OF ELEMENTS IN THE MOLECULE=( 8) /.LE.15/
P4+  ATOMIC NUMBER=( 1),ATOMS/MOLECULE=( 5.279000E-01)
P4+  ATOMIC NUMBER=( 6),ATOMS/MOLECULE=( 1.924700E-01)
P4+  ATOMIC NUMBER=( 7),ATOMS/MOLECULE=( 1.602970E-02)
P4+  ATOMIC NUMBER=( 8),ATOMS/MOLECULE=( 2.131050E-01)
P4+  ATOMIC NUMBER=(12),ATOMS/MOLECULE=( 6.842770E-04)
P4+  ATOMIC NUMBER=(15),ATOMS/MOLECULE=( 1.879320E-02)
P4+  ATOMIC NUMBER=(16),ATOMS/MOLECULE=( 5.187570E-04)
P4+  ATOMIC NUMBER=(20),ATOMS/MOLECULE=( 3.049910E-02)
P5   MEAN EXCITATION ENERGY=(   91.90) eV
P6   NUMBER OF OSCILLATORS=(26) /.LE.30/
P7+  ( 8.907010E-01,-1.282740E+01, 1.036E+00, 0) OSCILLATOR DATA
P7+  ( 3.820000E-07, 1.100000E+01, 6.460E-01, 0) OSCILLATOR DATA
P7+  ( 1.428409E+00, 1.400000E+01, 5.363E-01, 0) OSCILLATOR DATA
P7+  ( 3.205940E-02, 1.500000E+01, 6.720E-01, 0) OSCILLATOR DATA
P7+  ( 3.862391E-02, 1.600000E+01, 8.942E-01, 0) OSCILLATOR DATA
P7+  ( 4.262100E-01, 2.400000E+01, 5.790E-01, 0) OSCILLATOR DATA
P7+  ( 1.829946E-01, 2.500000E+01, 3.300E-01, 0) OSCILLATOR DATA
P7+  ( 6.099820E-02, 4.400000E+01, 5.080E-01, 0) OSCILLATOR DATA
P7+  ( 4.105662E-03, 4.900000E+01, 1.920E-01, 0) OSCILLATOR DATA
P7+  ( 1.368554E-03, 8.900000E+01, 3.420E-01, 0) OSCILLATOR DATA
P7+  ( 7.517280E-02, 1.350000E+02, 1.340E-01, 0) OSCILLATOR DATA
P7+  ( 3.758640E-02, 1.360000E+02, 1.340E-01, 0) OSCILLATOR DATA
P7+  ( 2.075028E-03, 1.640000E+02, 1.220E-01, 0) OSCILLATOR DATA
P7+  ( 1.037514E-03, 1.650000E+02, 1.220E-01, 0) OSCILLATOR DATA
P7+  ( 3.758640E-02, 1.890000E+02, 2.510E-01, 0) OSCILLATOR DATA
P7+  ( 1.037514E-03, 2.290000E+02, 2.300E-01, 0) OSCILLATOR DATA
P7+  ( 3.849400E-01, 2.850000E+02, 1.530E-01, 0) OSCILLATOR DATA
P7+  ( 1.219964E-01, 3.470000E+02, 9.020E-02, 0) OSCILLATOR DATA
P7+  ( 6.099820E-02, 3.500000E+02, 9.020E-02, 0) OSCILLATOR DATA
P7+  ( 3.205940E-02, 4.100000E+02, 1.300E-01, 7) OSCILLATOR DATA
P7+  ( 6.099820E-02, 4.380000E+02, 1.740E-01, 0) OSCILLATOR DATA
P7+  ( 4.262100E-01, 5.430000E+02, 1.130E-01, 8) OSCILLATOR DATA
P7+  ( 1.368554E-03, 1.303000E+03, 7.450E-02,12) OSCILLATOR DATA
P7+  ( 3.758640E-02, 2.149000E+03, 5.920E-02,15) OSCILLATOR DATA
P7+  ( 1.037514E-03, 2.472000E+03, 5.530E-02,16) OSCILLATOR DATA
P7+  ( 6.099820E-02, 4.038000E+03, 4.400E-02,20) OSCILLATOR DATA
P8   NUMBER OF INPUT ENERGIES=(106) FOR ELECTRONS /.LT.180/
 1.00E+02  8.521E-02  1.776E-01  1.784E-01  3.941E+02  6.425E-04
 1.25E+02  9.924E-02  2.313E-01  2.174E-01  3.644E+02  7.662E-04
 1.50E+02  1.122E-01  2.896E-01  2.564E-01  3.390E+02  8.848E-04
 1.75E+02  1.244E-01  3.521E-01  2.962E-01  3.156E+02  9.985E-04
 2.00E+02  1.360E-01  4.189E-01  3.371E-01  2.949E+02  1.109E-03
 2.50E+02  1.580E-01  5.644E-01  4.226E-01  2.611E+02  1.317E-03
 3.00E+02  1.788E-01  7.254E-01  5.139E-01  2.348E+02  1.512E-03
 3.50E+02  1.986E-01  9.012E-01  6.107E-01  2.140E+02  1.693E-03
 4.00E+02  2.179E-01  1.091E+00  7.134E-01  1.975E+02  1.863E-03
 4.50E+02  2.368E-01  1.296E+00  8.216E-01  1.834E+02  2.020E-03
 5.00E+02  2.553E-01  1.514E+00  9.353E-01  1.714E+02  2.166E-03
 6.00E+02  2.914E-01  1.990E+00  1.179E+00  1.520E+02  2.426E-03
 7.00E+02  3.267E-01  2.517E+00  1.444E+00  1.369E+02  2.647E-03
 8.00E+02  3.614E-01  3.094E+00  1.729E+00  1.262E+02  2.833E-03
 9.00E+02  3.957E-01  3.721E+00  2.034E+00  1.169E+02  2.988E-03
 1.00E+03  4.296E-01  4.395E+00  2.358E+00  1.093E+02  3.116E-03
 1.25E+03  5.131E-01  6.281E+00  3.250E+00  9.407E+01  3.334E-03
 1.50E+03  5.951E-01  8.446E+00  4.252E+00  8.350E+01  3.506E-03
 1.75E+03  6.761E-01  1.088E+01  5.362E+00  7.532E+01  3.645E-03
 2.00E+03  7.562E-01  1.357E+01  6.577E+00  6.867E+01  3.761E-03
 2.50E+03  9.147E-01  1.972E+01  9.304E+00  5.857E+01  3.945E-03
 3.00E+03  1.071E+00  2.684E+01  1.242E+01  5.133E+01  4.088E-03
 3.50E+03  1.226E+00  3.491E+01  1.590E+01  4.586E+01  4.201E-03
 4.00E+03  1.379E+00  4.389E+01  1.974E+01  4.154E+01  4.293E-03
 4.50E+03  1.531E+00  5.377E+01  2.393E+01  3.804E+01  4.372E-03
 5.00E+03  1.682E+00  6.453E+01  2.847E+01  3.514E+01  4.437E-03
 6.00E+03  1.982E+00  8.861E+01  3.854E+01  3.062E+01  4.545E-03
 7.00E+03  2.279E+00  1.160E+02  4.990E+01  2.723E+01  4.627E-03
 8.00E+03  2.573E+00  1.467E+02  6.252E+01  2.458E+01  4.694E-03
 9.00E+03  2.866E+00  1.806E+02  7.635E+01  2.245E+01  4.748E-03
 1.00E+04  3.156E+00  2.175E+02  9.139E+01  2.070E+01  4.794E-03
 1.25E+04  3.871E+00  3.231E+02  1.340E+02  1.744E+01  4.880E-03
 1.50E+04  4.576E+00  4.470E+02  1.836E+02  1.516E+01  4.943E-03
 1.75E+04  5.269E+00  5.883E+02  2.398E+02  1.346E+01  4.989E-03
 2.00E+04  5.952E+00  7.467E+02  3.024E+02  1.214E+01  5.026E-03
 2.50E+04  7.290E+00  1.112E+03  4.461E+02  1.024E+01  5.080E-03
 3.00E+04  8.589E+00  1.541E+03  6.130E+02  8.913E+00  5.121E-03
 3.50E+04  9.853E+00  2.028E+03  8.019E+02  7.938E+00  5.155E-03
 4.00E+04  1.108E+01  2.573E+03  1.012E+03  7.188E+00  5.185E-03
 4.50E+04  1.228E+01  3.172E+03  1.242E+03  6.592E+00  5.212E-03
 5.00E+04  1.344E+01  3.823E+03  1.491E+03  6.106E+00  5.238E-03
 6.00E+04  1.568E+01  5.276E+03  2.044E+03  5.362E+00  5.288E-03
 7.00E+04  1.780E+01  6.919E+03  2.665E+03  4.818E+00  5.338E-03
 8.00E+04  1.981E+01  8.737E+03  3.349E+03  4.403E+00  5.390E-03
 9.00E+04  2.173E+01  1.072E+04  4.093E+03  4.075E+00  5.445E-03
 1.00E+05  2.355E+01  1.286E+04  4.893E+03  3.810E+00  5.502E-03
 1.25E+05  2.783E+01  1.896E+04  7.153E+03  3.325E+00  5.657E-03
 1.50E+05  3.155E+01  2.580E+04  9.670E+03  2.997E+00  5.826E-03
 1.75E+05  3.487E+01  3.337E+04  1.244E+04  2.761E+00  6.007E-03
 2.00E+05  3.784E+01  4.160E+04  1.544E+04  2.583E+00  6.201E-03
 2.50E+05  4.294E+01  5.983E+04  2.205E+04  2.336E+00  6.618E-03
 3.00E+05  4.712E+01  8.014E+04  2.937E+04  2.173E+00  7.075E-03
 3.50E+05  5.059E+01  1.023E+05  3.732E+04  2.060E+00  7.568E-03
 4.00E+05  5.351E+01  1.260E+05  4.582E+04  1.977E+00  8.092E-03
 4.50E+05  5.599E+01  1.514E+05  5.484E+04  1.914E+00  8.643E-03
 5.00E+05  5.810E+01  1.781E+05  6.434E+04  1.866E+00  9.221E-03
 6.00E+05  6.151E+01  2.355E+05  8.470E+04  1.799E+00  1.045E-02
 7.00E+05  6.411E+01  2.978E+05  1.068E+05  1.755E+00  1.175E-02
 8.00E+05  6.614E+01  3.648E+05  1.304E+05  1.726E+00  1.311E-02
 9.00E+05  6.774E+01  4.363E+05  1.556E+05  1.706E+00  1.454E-02
 1.00E+06  6.906E+01  5.121E+05  1.823E+05  1.692E+00  1.602E-02
 1.25E+06  7.140E+01  7.202E+05  2.554E+05  1.674E+00  1.995E-02
 1.50E+06  7.291E+01  9.538E+05  3.373E+05  1.669E+00  2.414E-02
 1.75E+06  7.397E+01  1.212E+06  4.279E+05  1.669E+00  2.854E-02
 2.00E+06  7.473E+01  1.496E+06  5.270E+05  1.673E+00  3.313E-02
 2.50E+06  7.570E+01  2.134E+06  7.502E+05  1.685E+00  4.277E-02
 3.00E+06  7.630E+01  2.867E+06  1.006E+06  1.699E+00  5.289E-02
 3.50E+06  7.667E+01  3.693E+06  1.294E+06  1.712E+00  6.341E-02
 4.00E+06  7.693E+01  4.610E+06  1.613E+06  1.725E+00  7.426E-02
 4.50E+06  7.712E+01  5.616E+06  1.963E+06  1.737E+00  8.542E-02
 5.00E+06  7.726E+01  6.712E+06  2.344E+06  1.749E+00  9.681E-02
 6.00E+06  7.746E+01  9.167E+06  3.197E+06  1.769E+00  1.202E-01
 7.00E+06  7.757E+01  1.196E+07  4.168E+06  1.787E+00  1.444E-01
 8.00E+06  7.765E+01  1.510E+07  5.257E+06  1.802E+00  1.692E-01
 9.00E+06  7.770E+01  1.858E+07  6.461E+06  1.816E+00  1.945E-01
 1.00E+07  7.775E+01  2.239E+07  7.778E+06  1.828E+00  2.202E-01
 1.25E+07  7.781E+01  3.333E+07  1.156E+07  1.853E+00  2.860E-01
 1.50E+07  7.784E+01  4.628E+07  1.604E+07  1.874E+00  3.537E-01
 1.75E+07  7.788E+01  6.122E+07  2.119E+07  1.890E+00  4.226E-01
 2.00E+07  7.788E+01  7.814E+07  2.702E+07  1.905E+00  4.927E-01
 2.50E+07  7.790E+01  1.177E+08  4.063E+07  1.928E+00  6.350E-01
 3.00E+07  7.790E+01  1.651E+08  5.687E+07  1.946E+00  7.798E-01
 3.50E+07  7.792E+01  2.201E+08  7.570E+07  1.961E+00  9.264E-01
 4.00E+07  7.792E+01  2.828E+08  9.710E+07  1.973E+00  1.074E+00
 4.50E+07  7.792E+01  3.532E+08  1.211E+08  1.984E+00  1.224E+00
 5.00E+07  7.792E+01  4.314E+08  1.477E+08  1.994E+00  1.374E+00
 6.00E+07  7.792E+01  6.112E+08  2.086E+08  2.010E+00  1.676E+00
 7.00E+07  7.792E+01  8.224E+08  2.799E+08  2.024E+00  1.982E+00
 8.00E+07  7.792E+01  1.066E+09  3.616E+08  2.036E+00  2.289E+00
 9.00E+07  7.792E+01  1.341E+09  4.540E+08  2.046E+00  2.598E+00
 1.00E+08  7.792E+01  1.648E+09  5.570E+08  2.055E+00  2.909E+00
 1.25E+08  7.792E+01  2.558E+09  8.612E+08  2.074E+00  3.690E+00
 1.50E+08  7.792E+01  3.672E+09  1.233E+09  2.090E+00  4.476E+00
 1.75E+08  7.792E+01  4.988E+09  1.672E+09  2.103E+00  5.266E+00
 2.00E+08  7.792E+01  6.507E+09  2.178E+09  2.114E+00  6.059E+00
 2.50E+08  7.792E+01  1.015E+10  3.393E+09  2.132E+00  7.651E+00
 3.00E+08  7.792E+01  1.461E+10  4.879E+09  2.147E+00  9.251E+00
 3.50E+08  7.792E+01  1.988E+10  6.635E+09  2.160E+00  1.085E+01
 4.00E+08  7.792E+01  2.596E+10  8.662E+09  2.171E+00  1.247E+01
 4.50E+08  7.792E+01  3.284E+10  1.096E+10  2.181E+00  1.407E+01
 5.00E+08  7.792E+01  4.055E+10  1.353E+10  2.189E+00  1.569E+01
 6.00E+08  7.792E+01  5.838E+10  1.947E+10  2.204E+00  1.892E+01
 7.00E+08  7.792E+01  7.947E+10  2.650E+10  2.217E+00  2.216E+01
 8.00E+08  7.792E+01  1.038E+11  3.461E+10  2.228E+00  2.540E+01
 9.00E+08  7.792E+01  1.313E+11  4.379E+10  2.237E+00  2.865E+01
 1.00E+09  7.792E+01  1.622E+11  5.407E+10  2.246E+00  3.189E+01
P10  NUMBER OF INPUT ENERGIES=(106) FOR POSITRONS /.LT.180/
 1.00E+02  1.351E-01  5.485E-01  3.043E-01  4.993E+02  7.134E-05
 1.25E+02  1.496E-01  6.752E-01  3.672E-01  4.578E+02  9.273E-05
 1.50E+02  1.633E-01  8.056E-01  4.314E-01  4.203E+02  1.147E-04
 1.75E+02  1.762E-01  9.401E-01  4.967E-01  3.877E+02  1.371E-04
 2.00E+02  1.887E-01  1.079E+00  5.635E-01  3.598E+02  1.599E-04
 2.50E+02  2.123E-01  1.368E+00  7.013E-01  3.150E+02  2.058E-04
 3.00E+02  2.348E-01  1.672E+00  8.450E-01  2.808E+02  2.517E-04
 3.50E+02  2.564E-01  1.993E+00  9.946E-01  2.541E+02  2.972E-04
 4.00E+02  2.773E-01  2.328E+00  1.150E+00  2.333E+02  3.419E-04
 4.50E+02  2.977E-01  2.678E+00  1.311E+00  2.157E+02  3.854E-04
 5.00E+02  3.177E-01  3.042E+00  1.478E+00  2.008E+02  4.276E-04
 6.00E+02  3.565E-01  3.814E+00  1.829E+00  1.770E+02  5.075E-04
 7.00E+02  3.943E-01  4.640E+00  2.201E+00  1.587E+02  5.808E-04
 8.00E+02  4.312E-01  5.518E+00  2.594E+00  1.456E+02  6.474E-04
 9.00E+02  4.675E-01  6.448E+00  3.008E+00  1.345E+02  7.073E-04
 1.00E+03  5.032E-01  7.429E+00  3.442E+00  1.255E+02  7.606E-04
 1.25E+03  5.905E-01  1.009E+01  4.612E+00  1.077E+02  8.676E-04
 1.50E+03  6.760E-01  1.304E+01  5.899E+00  9.534E+01  9.597E-04
 1.75E+03  7.598E-01  1.628E+01  7.297E+00  8.582E+01  1.041E-03
 2.00E+03  8.426E-01  1.978E+01  8.804E+00  7.807E+01  1.113E-03
 2.50E+03  1.005E+00  2.758E+01  1.213E+01  6.637E+01  1.239E-03
 3.00E+03  1.166E+00  3.638E+01  1.585E+01  5.795E+01  1.347E-03
 3.50E+03  1.324E+00  4.615E+01  1.996E+01  5.158E+01  1.439E-03
 4.00E+03  1.480E+00  5.686E+01  2.444E+01  4.658E+01  1.522E-03
 4.50E+03  1.635E+00  6.849E+01  2.927E+01  4.255E+01  1.596E-03
 5.00E+03  1.789E+00  8.102E+01  3.446E+01  3.922E+01  1.663E-03
 6.00E+03  2.093E+00  1.087E+02  4.585E+01  3.404E+01  1.781E-03
 7.00E+03  2.394E+00  1.398E+02  5.857E+01  3.017E+01  1.882E-03
 8.00E+03  2.692E+00  1.742E+02  7.256E+01  2.717E+01  1.971E-03
 9.00E+03  2.987E+00  2.119E+02  8.779E+01  2.475E+01  2.049E-03
 1.00E+04  3.280E+00  2.527E+02  1.042E+02  2.277E+01  2.121E-03
 1.25E+04  4.002E+00  3.681E+02  1.505E+02  1.910E+01  2.272E-03
 1.50E+04  4.711E+00  5.023E+02  2.039E+02  1.653E+01  2.397E-03
 1.75E+04  5.409E+00  6.544E+02  2.640E+02  1.463E+01  2.502E-03
 2.00E+04  6.096E+00  8.240E+02  3.308E+02  1.317E+01  2.594E-03
 2.50E+04  7.438E+00  1.213E+03  4.831E+02  1.104E+01  2.749E-03
 3.00E+04  8.744E+00  1.668E+03  6.594E+02  9.576E+00  2.877E-03
 3.50E+04  1.001E+01  2.184E+03  8.583E+02  8.497E+00  2.987E-03
 4.00E+04  1.124E+01  2.758E+03  1.079E+03  7.669E+00  3.084E-03
 4.50E+04  1.244E+01  3.390E+03  1.321E+03  7.012E+00  3.170E-03
 5.00E+04  1.361E+01  4.076E+03  1.583E+03  6.478E+00  3.250E-03
 6.00E+04  1.585E+01  5.607E+03  2.162E+03  5.660E+00  3.392E-03
 7.00E+04  1.797E+01  7.334E+03  2.813E+03  5.064E+00  3.519E-03
 8.00E+04  1.999E+01  9.250E+03  3.531E+03  4.609E+00  3.636E-03
 9.00E+04  2.191E+01  1.134E+04  4.311E+03  4.251E+00  3.745E-03
 1.00E+05  2.373E+01  1.360E+04  5.149E+03  3.961E+00  3.850E-03
 1.25E+05  2.783E+01  1.993E+04  7.499E+03  3.432E+00  4.098E-03
 1.50E+05  3.155E+01  2.712E+04  1.014E+04  3.075E+00  4.335E-03
 1.75E+05  3.487E+01  3.509E+04  1.304E+04  2.819E+00  4.566E-03
 2.00E+05  3.784E+01  4.377E+04  1.619E+04  2.626E+00  4.798E-03
 2.50E+05  4.294E+01  6.301E+04  2.312E+04  2.357E+00  5.265E-03
 3.00E+05  4.712E+01  8.447E+04  3.080E+04  2.181E+00  5.749E-03
 3.50E+05  5.059E+01  1.079E+05  3.915E+04  2.057E+00  6.254E-03
 4.00E+05  5.351E+01  1.330E+05  4.808E+04  1.967E+00  6.780E-03
 4.50E+05  5.599E+01  1.598E+05  5.755E+04  1.900E+00  7.325E-03
 5.00E+05  5.810E+01  1.880E+05  6.752E+04  1.847E+00  7.892E-03
 6.00E+05  6.151E+01  2.487E+05  8.889E+04  1.773E+00  9.084E-03
 7.00E+05  6.411E+01  3.145E+05  1.120E+05  1.725E+00  1.034E-02
 8.00E+05  6.614E+01  3.852E+05  1.368E+05  1.693E+00  1.166E-02
 9.00E+05  6.774E+01  4.606E+05  1.632E+05  1.670E+00  1.304E-02
 1.00E+06  6.906E+01  5.406E+05  1.911E+05  1.655E+00  1.447E-02
 1.25E+06  7.140E+01  7.596E+05  2.675E+05  1.634E+00  1.826E-02
 1.50E+06  7.291E+01  1.005E+06  3.532E+05  1.626E+00  2.232E-02
 1.75E+06  7.397E+01  1.277E+06  4.477E+05  1.625E+00  2.660E-02
 2.00E+06  7.473E+01  1.574E+06  5.509E+05  1.628E+00  3.107E-02
 2.50E+06  7.570E+01  2.243E+06  7.834E+05  1.639E+00  4.048E-02
 3.00E+06  7.630E+01  3.010E+06  1.049E+06  1.651E+00  5.041E-02
 3.50E+06  7.667E+01  3.873E+06  1.348E+06  1.664E+00  6.075E-02
 4.00E+06  7.693E+01  4.830E+06  1.680E+06  1.676E+00  7.144E-02
 4.50E+06  7.712E+01  5.881E+06  2.043E+06  1.688E+00  8.245E-02
 5.00E+06  7.726E+01  7.024E+06  2.438E+06  1.699E+00  9.371E-02
 6.00E+06  7.746E+01  9.571E+06  3.318E+06  1.719E+00  1.169E-01
 7.00E+06  7.757E+01  1.249E+07  4.327E+06  1.736E+00  1.409E-01
 8.00E+06  7.765E+01  1.576E+07  5.453E+06  1.751E+00  1.655E-01
 9.00E+06  7.770E+01  1.937E+07  6.697E+06  1.764E+00  1.907E-01
 1.00E+07  7.775E+01  2.332E+07  8.059E+06  1.776E+00  2.163E-01
 1.25E+07  7.781E+01  3.468E+07  1.196E+07  1.801E+00  2.819E-01
 1.50E+07  7.784E+01  4.811E+07  1.658E+07  1.822E+00  3.493E-01
 1.75E+07  7.788E+01  6.357E+07  2.189E+07  1.838E+00  4.182E-01
 2.00E+07  7.788E+01  8.105E+07  2.788E+07  1.852E+00  4.882E-01
 2.50E+07  7.790E+01  1.220E+08  4.189E+07  1.875E+00  6.304E-01
 3.00E+07  7.790E+01  1.708E+08  5.857E+07  1.893E+00  7.752E-01
 3.50E+07  7.792E+01  2.274E+08  7.789E+07  1.908E+00  9.219E-01
 4.00E+07  7.792E+01  2.919E+08  9.982E+07  1.921E+00  1.070E+00
 4.50E+07  7.792E+01  3.642E+08  1.244E+08  1.931E+00  1.219E+00
 5.00E+07  7.792E+01  4.444E+08  1.516E+08  1.941E+00  1.369E+00
 6.00E+07  7.792E+01  6.283E+08  2.137E+08  1.957E+00  1.672E+00
 7.00E+07  7.792E+01  8.439E+08  2.865E+08  1.971E+00  1.978E+00
 8.00E+07  7.792E+01  1.091E+09  3.697E+08  1.983E+00  2.286E+00
 9.00E+07  7.792E+01  1.371E+09  4.635E+08  1.993E+00  2.595E+00
 1.00E+08  7.792E+01  1.683E+09  5.679E+08  2.002E+00  2.906E+00
 1.25E+08  7.792E+01  2.605E+09  8.761E+08  2.021E+00  3.687E+00
 1.50E+08  7.792E+01  3.729E+09  1.251E+09  2.036E+00  4.474E+00
 1.75E+08  7.792E+01  5.056E+09  1.694E+09  2.049E+00  5.264E+00
 2.00E+08  7.792E+01  6.585E+09  2.204E+09  2.061E+00  6.058E+00
 2.50E+08  7.792E+01  1.025E+10  3.427E+09  2.079E+00  7.651E+00
 3.00E+08  7.792E+01  1.473E+10  4.919E+09  2.094E+00  9.250E+00
 3.50E+08  7.792E+01  2.002E+10  6.683E+09  2.107E+00  1.085E+01
 4.00E+08  7.792E+01  2.612E+10  8.716E+09  2.118E+00  1.246E+01
 4.50E+08  7.792E+01  3.303E+10  1.102E+10  2.127E+00  1.407E+01
 5.00E+08  7.792E+01  4.075E+10  1.359E+10  2.136E+00  1.569E+01
 6.00E+08  7.792E+01  5.863E+10  1.955E+10  2.151E+00  1.892E+01
 7.00E+08  7.792E+01  7.975E+10  2.659E+10  2.164E+00  2.216E+01
 8.00E+08  7.792E+01  1.041E+11  3.471E+10  2.174E+00  2.540E+01
 9.00E+08  7.792E+01  1.317E+11  4.391E+10  2.184E+00  2.865E+01
 1.00E+09  7.792E+01  1.625E+11  5.420E+10  2.193E+00  3.189E+01
P12  NUMBER OF INPUT ENERGIES=(108) FOR PHOTONS /.LT.400/
 1.000E+03  1.698E+00  4.827E-02  3.441E+03  1.000E-35
 1.250E+03  1.626E+00  5.291E-02  1.895E+03  1.000E-35
 1.305E+03  1.610E+00  5.401E-02  1.687E+03  1.000E-35
 1.305E+03  1.610E+00  5.401E-02  1.697E+03  1.000E-35
 1.500E+03  1.550E+00  5.805E-02  1.165E+03  1.000E-35
 1.750E+03  1.471E+00  6.337E-02  7.609E+02  1.000E-35
 2.000E+03  1.393E+00  6.868E-02  5.239E+02  1.000E-35
 2.146E+03  1.347E+00  7.170E-02  4.292E+02  1.000E-35
 2.146E+03  1.347E+00  7.170E-02  5.849E+02  1.000E-35
 2.472E+03  1.249E+00  7.824E-02  4.001E+02  1.000E-35
 2.472E+03  1.249E+00  7.824E-02  4.038E+02  1.000E-35
 2.500E+03  1.240E+00  7.878E-02  3.918E+02  1.000E-35
 3.000E+03  1.103E+00  8.789E-02  2.385E+02  1.000E-35
 3.500E+03  9.818E-01  9.594E-02  1.548E+02  1.000E-35
 4.000E+03  8.780E-01  1.030E-01  1.059E+02  1.000E-35
 4.038E+03  8.708E-01  1.035E-01  1.031E+02  1.000E-35
 4.038E+03  8.708E-01  1.035E-01  2.360E+02  1.000E-35
 4.500E+03  7.896E-01  1.092E-01  1.780E+02  1.000E-35
 5.000E+03  7.143E-01  1.146E-01  1.346E+02  1.000E-35
 6.000E+03  5.946E-01  1.238E-01  8.175E+01  1.000E-35
 7.000E+03  5.050E-01  1.311E-01  5.334E+01  1.000E-35
 8.000E+03  4.360E-01  1.370E-01  3.672E+01  1.000E-35
 9.000E+03  3.815E-01  1.420E-01  2.630E+01  1.000E-35
 1.000E+04  3.374E-01  1.463E-01  1.945E+01  1.000E-35
 1.250E+04  2.569E-01  1.547E-01  1.019E+01  1.000E-35
 1.500E+04  2.027E-01  1.607E-01  5.966E+00  1.000E-35
 1.750E+04  1.639E-01  1.650E-01  3.775E+00  1.000E-35
 2.000E+04  1.352E-01  1.682E-01  2.531E+00  1.000E-35
 2.500E+04  9.639E-02  1.720E-01  1.289E+00  1.000E-35
 3.000E+04  7.205E-02  1.737E-01  7.386E-01  1.000E-35
 3.500E+04  5.609E-02  1.740E-01  4.596E-01  1.000E-35
 4.000E+04  4.496E-02  1.736E-01  3.040E-01  1.000E-35
 4.500E+04  3.685E-02  1.727E-01  2.107E-01  1.000E-35
 5.000E+04  3.075E-02  1.714E-01  1.516E-01  1.000E-35
 6.000E+04  2.233E-02  1.684E-01  8.557E-02  1.000E-35
 7.000E+04  1.693E-02  1.650E-01  5.264E-02  1.000E-35
 8.000E+04  1.326E-02  1.616E-01  3.452E-02  1.000E-35
 9.000E+04  1.066E-02  1.582E-01  2.378E-02  1.000E-35
 1.000E+05  8.757E-03  1.549E-01  1.703E-02  1.000E-35
 1.250E+05  5.741E-03  1.473E-01  8.405E-03  1.000E-35
 1.500E+05  4.049E-03  1.405E-01  4.728E-03  1.000E-35
 1.750E+05  3.006E-03  1.345E-01  2.915E-03  1.000E-35
 2.000E+05  2.318E-03  1.291E-01  1.924E-03  1.000E-35
 2.500E+05  1.498E-03  1.200E-01  9.698E-04  1.000E-35
 3.000E+05  1.046E-03  1.126E-01  5.614E-04  1.000E-35
 3.500E+05  7.715E-04  1.063E-01  3.578E-04  1.000E-35
 4.000E+05  5.921E-04  1.009E-01  2.448E-04  1.000E-35
 4.500E+05  4.686E-04  9.630E-02  1.768E-04  1.000E-35
 5.000E+05  3.800E-04  9.221E-02  1.333E-04  1.000E-35
 6.000E+05  2.643E-04  8.533E-02  8.354E-05  1.000E-35
 7.000E+05  1.944E-04  7.970E-02  5.713E-05  1.000E-35
 8.000E+05  1.489E-04  7.499E-02  4.239E-05  1.000E-35
 9.000E+05  1.177E-04  7.094E-02  3.347E-05  1.000E-35
 1.000E+06  9.539E-05  6.742E-02  2.635E-05  1.000E-35
 1.022E+06  9.134E-05  6.670E-02  2.491E-05  1.000E-35
 1.250E+06  6.108E-05  6.027E-02  1.687E-05  2.333E-05
 1.500E+06  4.243E-05  5.477E-02  1.220E-05  1.267E-04
 1.750E+06  3.118E-05  5.036E-02  9.382E-06  2.937E-04
 2.000E+06  2.387E-05  4.672E-02  7.574E-06  5.002E-04
 2.044E+06  2.286E-05  4.615E-02  7.321E-06  5.390E-04
 2.500E+06  1.528E-05  4.103E-02  5.398E-06  9.600E-04
 3.000E+06  1.061E-05  3.674E-02  4.156E-06  1.433E-03
 3.500E+06  7.797E-06  3.337E-02  3.364E-06  1.899E-03
 4.000E+06  5.970E-06  3.064E-02  2.819E-06  2.348E-03
 4.500E+06  4.717E-06  2.837E-02  2.422E-06  2.774E-03
 5.000E+06  3.821E-06  2.645E-02  2.121E-06  3.179E-03
 6.000E+06  2.653E-06  2.338E-02  1.696E-06  3.934E-03
 7.000E+06  1.949E-06  2.101E-02  1.410E-06  4.612E-03
 8.000E+06  1.493E-06  1.912E-02  1.206E-06  5.226E-03
 9.000E+06  1.179E-06  1.757E-02  1.053E-06  5.786E-03
 1.000E+07  9.553E-07  1.628E-02  9.341E-07  6.296E-03
 1.100E+07  7.895E-07  1.518E-02  8.392E-07  6.762E-03
 1.200E+07  6.634E-07  1.423E-02  7.617E-07  7.191E-03
 1.300E+07  5.652E-07  1.341E-02  6.972E-07  7.590E-03
 1.400E+07  4.874E-07  1.268E-02  6.426E-07  7.963E-03
 1.500E+07  4.246E-07  1.204E-02  5.961E-07  8.310E-03
 1.600E+07  3.731E-07  1.146E-02  5.557E-07  8.640E-03
 1.800E+07  2.948E-07  1.048E-02  4.893E-07  9.242E-03
 2.000E+07  2.388E-07  9.657E-03  4.370E-07  9.780E-03
 2.200E+07  1.974E-07  8.967E-03  3.950E-07  1.027E-02
 2.400E+07  1.658E-07  8.377E-03  3.602E-07  1.072E-02
 2.600E+07  1.413E-07  7.866E-03  3.309E-07  1.113E-02
 2.800E+07  1.218E-07  7.418E-03  3.063E-07  1.151E-02
 3.000E+07  1.061E-07  7.023E-03  2.848E-07  1.186E-02
 3.500E+07  7.798E-08  6.209E-03  2.425E-07  1.264E-02
 4.000E+07  5.970E-08  5.575E-03  2.112E-07  1.330E-02
 4.500E+07  4.717E-08  5.067E-03  1.870E-07  1.388E-02
 5.000E+07  3.821E-08  4.650E-03  1.678E-07  1.440E-02
 6.000E+07  2.653E-08  4.004E-03  1.392E-07  1.526E-02
 7.000E+07  1.949E-08  3.525E-03  1.189E-07  1.597E-02
 8.000E+07  1.493E-08  3.155E-03  1.038E-07  1.657E-02
 9.000E+07  1.179E-08  2.859E-03  9.207E-08  1.708E-02
 1.000E+08  9.553E-09  2.617E-03  8.273E-08  1.752E-02
 1.250E+08  6.114E-09  2.168E-03  6.601E-08  1.842E-02
 1.500E+08  4.246E-09  1.858E-03  5.490E-08  1.911E-02
 1.750E+08  3.119E-09  1.629E-03  4.699E-08  1.965E-02
 2.000E+08  2.388E-09  1.453E-03  4.107E-08  2.009E-02
 2.500E+08  1.528E-09  1.199E-03  3.281E-08  2.078E-02
 3.000E+08  1.061E-09  1.024E-03  2.732E-08  2.129E-02
 3.500E+08  7.798E-10  8.962E-04  2.340E-08  2.168E-02
 4.000E+08  5.970E-10  7.979E-04  2.047E-08  2.200E-02
 4.500E+08  4.717E-10  7.200E-04  1.819E-08  2.225E-02
 5.000E+08  3.821E-10  6.567E-04  1.636E-08  2.247E-02
 6.000E+08  2.653E-10  5.597E-04  1.363E-08  2.282E-02
 7.000E+08  1.949E-10  4.888E-04  1.168E-08  2.308E-02
 8.000E+08  1.493E-10  4.345E-04  1.021E-08  2.329E-02
 9.000E+08  1.179E-10  3.916E-04  9.077E-09  2.345E-02
 1.000E+09  9.553E-11  3.567E-04  8.169E-09  2.359E-02
