P1   MATERIAL:(Cortical Bone                             -DBASE)
P2   MASS DENSITY=( 1.8500E+00) g/cm**3
P3   NUMBER OF ELEMENTS IN THE MOLECULE=( 9) /.LE.15/
P4+  ATOMIC NUMBER=( 1),ATOMS/MOLECULE=( 4.754020E-01)
P4+  ATOMIC NUMBER=( 6),ATOMS/MOLECULE=( 1.218990E-01)
P4+  ATOMIC NUMBER=( 7),ATOMS/MOLECULE=( 3.041120E-02)
P4+  ATOMIC NUMBER=( 8),ATOMS/MOLECULE=( 2.828450E-01)
P4+  ATOMIC NUMBER=(12),ATOMS/MOLECULE=( 9.182280E-04)
P4+  ATOMIC NUMBER=(15),ATOMS/MOLECULE=( 3.437910E-02)
P4+  ATOMIC NUMBER=(16),ATOMS/MOLECULE=( 9.967130E-04)
P4+  ATOMIC NUMBER=(20),ATOMS/MOLECULE=( 5.313370E-02)
P4+  ATOMIC NUMBER=(30),ATOMS/MOLECULE=( 1.551600E-05)
P5   MEAN EXCITATION ENERGY=(  106.40) eV
P6   NUMBER OF OSCILLATORS=(28) /.LE.30/
P7+  ( 1.062674E-01, 6.000000E+00, 1.950E+00, 0) OSCILLATOR DATA
P7+  ( 1.836456E-03, 8.000000E+00, 1.590E+00, 0) OSCILLATOR DATA
P7+  ( 1.861920E-04, 9.000000E+00, 3.700E-01, 0) OSCILLATOR DATA
P7+  ( 1.071242E-01, 1.000000E+01, 6.280E-01, 0) OSCILLATOR DATA
P7+  ( 4.875960E-01, 1.100000E+01, 6.460E-01, 0) OSCILLATOR DATA
P7+  ( 1.698016E+00, 1.400000E+01, 4.928E-01, 0) OSCILLATOR DATA
P7+  ( 6.082240E-02, 1.500000E+01, 6.720E-01, 0) OSCILLATOR DATA
P7+  ( 7.075163E-02, 1.600000E+01, 8.941E-01, 0) OSCILLATOR DATA
P7+  ( 8.844922E-01, 2.435574E+01, 4.893E-01, 0) OSCILLATOR DATA
P7+  ( 1.062674E-01, 4.400000E+01, 5.080E-01, 0) OSCILLATOR DATA
P7+  ( 5.509368E-03, 4.900000E+01, 1.920E-01, 0) OSCILLATOR DATA
P7+  ( 1.929552E-03, 8.903181E+01, 3.345E-01, 0) OSCILLATOR DATA
P7+  ( 2.063056E-01, 1.353332E+02, 1.340E-01, 0) OSCILLATOR DATA
P7+  ( 5.980278E-03, 1.643327E+02, 1.220E-01, 0) OSCILLATOR DATA
P7+  ( 6.875820E-02, 1.890000E+02, 2.510E-01, 0) OSCILLATOR DATA
P7+  ( 1.993426E-03, 2.290000E+02, 2.300E-01, 0) OSCILLATOR DATA
P7+  ( 2.437980E-01, 2.850000E+02, 1.530E-01, 0) OSCILLATOR DATA
P7+  ( 3.188022E-01, 3.479971E+02, 9.020E-02, 0) OSCILLATOR DATA
P7+  ( 6.082240E-02, 4.100000E+02, 1.300E-01, 7) OSCILLATOR DATA
P7+  ( 1.062674E-01, 4.380000E+02, 1.740E-01, 0) OSCILLATOR DATA
P7+  ( 5.656900E-01, 5.430000E+02, 1.130E-01, 8) OSCILLATOR DATA
P7+  ( 9.309600E-05, 1.029610E+03, 5.490E-02, 0) OSCILLATOR DATA
P7+  ( 3.103200E-05, 1.196000E+03, 1.080E-01, 0) OSCILLATOR DATA
P7+  ( 1.836456E-03, 1.303000E+03, 7.450E-02,12) OSCILLATOR DATA
P7+  ( 6.875820E-02, 2.149000E+03, 5.920E-02,15) OSCILLATOR DATA
P7+  ( 1.993426E-03, 2.472000E+03, 5.530E-02,16) OSCILLATOR DATA
P7+  ( 1.062674E-01, 4.038000E+03, 4.400E-02,20) OSCILLATOR DATA
P7+  ( 3.103200E-05, 9.661000E+03, 2.900E-02,30) OSCILLATOR DATA
P8   NUMBER OF INPUT ENERGIES=(106) FOR ELECTRONS /.LT.180/
 1.00E+02  8.907E-02  1.838E-01  1.924E-01  3.368E+02  6.677E-04
 1.25E+02  1.032E-01  2.367E-01  2.337E-01  3.179E+02  7.991E-04
 1.50E+02  1.162E-01  2.936E-01  2.745E-01  2.975E+02  9.255E-04
 1.75E+02  1.283E-01  3.546E-01  3.155E-01  2.782E+02  1.047E-03
 2.00E+02  1.399E-01  4.195E-01  3.572E-01  2.611E+02  1.165E-03
 2.50E+02  1.616E-01  5.601E-01  4.437E-01  2.327E+02  1.390E-03
 3.00E+02  1.820E-01  7.147E-01  5.349E-01  2.108E+02  1.600E-03
 3.50E+02  2.015E-01  8.828E-01  6.310E-01  1.938E+02  1.797E-03
 4.00E+02  2.202E-01  1.064E+00  7.322E-01  1.791E+02  1.981E-03
 4.50E+02  2.385E-01  1.258E+00  8.383E-01  1.670E+02  2.153E-03
 5.00E+02  2.564E-01  1.464E+00  9.493E-01  1.564E+02  2.313E-03
 6.00E+02  2.911E-01  1.912E+00  1.186E+00  1.391E+02  2.599E-03
 7.00E+02  3.250E-01  2.407E+00  1.441E+00  1.267E+02  2.844E-03
 8.00E+02  3.581E-01  2.946E+00  1.714E+00  1.168E+02  3.053E-03
 9.00E+02  3.907E-01  3.529E+00  2.004E+00  1.085E+02  3.229E-03
 1.00E+03  4.229E-01  4.154E+00  2.311E+00  1.015E+02  3.374E-03
 1.25E+03  5.018E-01  5.898E+00  3.152E+00  8.829E+01  3.629E-03
 1.50E+03  5.791E-01  7.888E+00  4.091E+00  7.858E+01  3.833E-03
 1.75E+03  6.551E-01  1.012E+01  5.124E+00  7.086E+01  4.000E-03
 2.00E+03  7.301E-01  1.258E+01  6.250E+00  6.463E+01  4.141E-03
 2.50E+03  8.781E-01  1.817E+01  8.763E+00  5.524E+01  4.368E-03
 3.00E+03  1.023E+00  2.462E+01  1.162E+01  4.852E+01  4.546E-03
 3.50E+03  1.167E+00  3.191E+01  1.480E+01  4.339E+01  4.688E-03
 4.00E+03  1.309E+00  4.001E+01  1.830E+01  3.933E+01  4.806E-03
 4.50E+03  1.450E+00  4.889E+01  2.210E+01  3.605E+01  4.906E-03
 5.00E+03  1.590E+00  5.856E+01  2.621E+01  3.335E+01  4.990E-03
 6.00E+03  1.867E+00  8.017E+01  3.531E+01  2.909E+01  5.130E-03
 7.00E+03  2.141E+00  1.047E+02  4.556E+01  2.589E+01  5.239E-03
 8.00E+03  2.412E+00  1.321E+02  5.691E+01  2.339E+01  5.328E-03
 9.00E+03  2.682E+00  1.624E+02  6.935E+01  2.139E+01  5.401E-03
 1.00E+04  2.949E+00  1.953E+02  8.285E+01  1.975E+01  5.462E-03
 1.25E+04  3.608E+00  2.895E+02  1.210E+02  1.666E+01  5.579E-03
 1.50E+04  4.255E+00  3.997E+02  1.654E+02  1.449E+01  5.664E-03
 1.75E+04  4.893E+00  5.254E+02  2.156E+02  1.287E+01  5.728E-03
 2.00E+04  5.522E+00  6.661E+02  2.715E+02  1.163E+01  5.778E-03
 2.50E+04  6.752E+00  9.909E+02  3.995E+02  9.813E+00  5.853E-03
 3.00E+04  7.947E+00  1.371E+03  5.481E+02  8.552E+00  5.907E-03
 3.50E+04  9.108E+00  1.803E+03  7.163E+02  7.623E+00  5.952E-03
 4.00E+04  1.024E+01  2.286E+03  9.028E+02  6.907E+00  5.989E-03
 4.50E+04  1.134E+01  2.816E+03  1.107E+03  6.338E+00  6.023E-03
 5.00E+04  1.241E+01  3.393E+03  1.329E+03  5.875E+00  6.055E-03
 6.00E+04  1.446E+01  4.680E+03  1.819E+03  5.165E+00  6.113E-03
 7.00E+04  1.641E+01  6.133E+03  2.370E+03  4.645E+00  6.171E-03
 8.00E+04  1.826E+01  7.741E+03  2.977E+03  4.247E+00  6.231E-03
 9.00E+04  2.002E+01  9.496E+03  3.636E+03  3.933E+00  6.292E-03
 1.00E+05  2.170E+01  1.139E+04  4.345E+03  3.679E+00  6.356E-03
 1.25E+05  2.564E+01  1.678E+04  6.348E+03  3.215E+00  6.530E-03
 1.50E+05  2.906E+01  2.282E+04  8.576E+03  2.902E+00  6.719E-03
 1.75E+05  3.211E+01  2.950E+04  1.103E+04  2.677E+00  6.923E-03
 2.00E+05  3.485E+01  3.677E+04  1.368E+04  2.507E+00  7.141E-03
 2.50E+05  3.953E+01  5.285E+04  1.952E+04  2.272E+00  7.612E-03
 3.00E+05  4.338E+01  7.076E+04  2.599E+04  2.116E+00  8.129E-03
 3.50E+05  4.657E+01  9.028E+04  3.300E+04  2.008E+00  8.686E-03
 4.00E+05  4.926E+01  1.112E+05  4.051E+04  1.929E+00  9.278E-03
 4.50E+05  5.153E+01  1.335E+05  4.846E+04  1.870E+00  9.901E-03
 5.00E+05  5.347E+01  1.571E+05  5.684E+04  1.824E+00  1.055E-02
 6.00E+05  5.661E+01  2.076E+05  7.480E+04  1.759E+00  1.194E-02
 7.00E+05  5.900E+01  2.625E+05  9.424E+04  1.718E+00  1.341E-02
 8.00E+05  6.086E+01  3.215E+05  1.151E+05  1.690E+00  1.495E-02
 9.00E+05  6.233E+01  3.844E+05  1.373E+05  1.671E+00  1.657E-02
 1.00E+06  6.354E+01  4.511E+05  1.608E+05  1.658E+00  1.824E-02
 1.25E+06  6.570E+01  6.342E+05  2.252E+05  1.641E+00  2.267E-02
 1.50E+06  6.709E+01  8.396E+05  2.973E+05  1.637E+00  2.740E-02
 1.75E+06  6.806E+01  1.067E+06  3.771E+05  1.638E+00  3.237E-02
 2.00E+06  6.876E+01  1.316E+06  4.643E+05  1.642E+00  3.755E-02
 2.50E+06  6.964E+01  1.877E+06  6.607E+05  1.655E+00  4.840E-02
 3.00E+06  7.020E+01  2.522E+06  8.856E+05  1.669E+00  5.980E-02
 3.50E+06  7.054E+01  3.247E+06  1.139E+06  1.682E+00  7.165E-02
 4.00E+06  7.078E+01  4.053E+06  1.420E+06  1.695E+00  8.385E-02
 4.50E+06  7.095E+01  4.937E+06  1.728E+06  1.708E+00  9.640E-02
 5.00E+06  7.108E+01  5.900E+06  2.063E+06  1.719E+00  1.092E-01
 6.00E+06  7.127E+01  8.057E+06  2.812E+06  1.739E+00  1.355E-01
 7.00E+06  7.137E+01  1.051E+07  3.666E+06  1.757E+00  1.626E-01
 8.00E+06  7.144E+01  1.327E+07  4.623E+06  1.772E+00  1.904E-01
 9.00E+06  7.149E+01  1.632E+07  5.681E+06  1.786E+00  2.188E-01
 1.00E+07  7.153E+01  1.967E+07  6.838E+06  1.798E+00  2.476E-01
 1.25E+07  7.159E+01  2.927E+07  1.016E+07  1.823E+00  3.214E-01
 1.50E+07  7.162E+01  4.065E+07  1.410E+07  1.843E+00  3.971E-01
 1.75E+07  7.165E+01  5.376E+07  1.862E+07  1.860E+00  4.742E-01
 2.00E+07  7.166E+01  6.863E+07  2.374E+07  1.874E+00  5.526E-01
 2.50E+07  7.167E+01  1.034E+08  3.571E+07  1.896E+00  7.117E-01
 3.00E+07  7.167E+01  1.450E+08  4.997E+07  1.914E+00  8.734E-01
 3.50E+07  7.169E+01  1.933E+08  6.652E+07  1.929E+00  1.037E+00
 4.00E+07  7.169E+01  2.485E+08  8.534E+07  1.941E+00  1.203E+00
 4.50E+07  7.169E+01  3.104E+08  1.064E+08  1.952E+00  1.369E+00
 5.00E+07  7.169E+01  3.792E+08  1.298E+08  1.962E+00  1.537E+00
 6.00E+07  7.169E+01  5.374E+08  1.834E+08  1.978E+00  1.875E+00
 7.00E+07  7.169E+01  7.236E+08  2.462E+08  1.991E+00  2.215E+00
 8.00E+07  7.169E+01  9.379E+08  3.182E+08  2.003E+00  2.558E+00
 9.00E+07  7.169E+01  1.181E+09  3.996E+08  2.013E+00  2.903E+00
 1.00E+08  7.169E+01  1.452E+09  4.904E+08  2.022E+00  3.249E+00
 1.25E+08  7.169E+01  2.254E+09  7.587E+08  2.041E+00  4.121E+00
 1.50E+08  7.169E+01  3.237E+09  1.086E+09  2.056E+00  4.997E+00
 1.75E+08  7.169E+01  4.398E+09  1.474E+09  2.069E+00  5.878E+00
 2.00E+08  7.169E+01  5.739E+09  1.921E+09  2.080E+00  6.762E+00
 2.50E+08  7.169E+01  8.955E+09  2.993E+09  2.098E+00  8.537E+00
 3.00E+08  7.169E+01  1.289E+10  4.304E+09  2.113E+00  1.032E+01
 3.50E+08  7.169E+01  1.754E+10  5.854E+09  2.126E+00  1.211E+01
 4.00E+08  7.169E+01  2.290E+10  7.644E+09  2.136E+00  1.390E+01
 4.50E+08  7.169E+01  2.899E+10  9.670E+09  2.146E+00  1.569E+01
 5.00E+08  7.169E+01  3.578E+10  1.194E+10  2.154E+00  1.749E+01
 6.00E+08  7.169E+01  5.153E+10  1.719E+10  2.169E+00  2.109E+01
 7.00E+08  7.169E+01  7.014E+10  2.339E+10  2.181E+00  2.470E+01
 8.00E+08  7.169E+01  9.159E+10  3.054E+10  2.192E+00  2.831E+01
 9.00E+08  7.169E+01  1.159E+11  3.866E+10  2.202E+00  3.192E+01
 1.00E+09  7.169E+01  1.431E+11  4.773E+10  2.210E+00  3.554E+01
P10  NUMBER OF INPUT ENERGIES=(106) FOR POSITRONS /.LT.180/
 1.00E+02  1.395E-01  5.785E-01  3.223E-01  4.359E+02  6.539E-05
 1.25E+02  1.537E-01  7.081E-01  3.870E-01  4.043E+02  8.565E-05
 1.50E+02  1.671E-01  8.410E-01  4.525E-01  3.734E+02  1.066E-04
 1.75E+02  1.798E-01  9.774E-01  5.191E-01  3.459E+02  1.280E-04
 2.00E+02  1.919E-01  1.117E+00  5.868E-01  3.221E+02  1.499E-04
 2.50E+02  2.148E-01  1.408E+00  7.261E-01  2.833E+02  1.943E-04
 3.00E+02  2.366E-01  1.713E+00  8.706E-01  2.542E+02  2.390E-04
 3.50E+02  2.574E-01  2.032E+00  1.020E+00  2.320E+02  2.836E-04
 4.00E+02  2.776E-01  2.365E+00  1.176E+00  2.133E+02  3.275E-04
 4.50E+02  2.972E-01  2.712E+00  1.336E+00  1.979E+02  3.705E-04
 5.00E+02  3.163E-01  3.071E+00  1.501E+00  1.847E+02  4.125E-04
 6.00E+02  3.535E-01  3.828E+00  1.847E+00  1.633E+02  4.923E-04
 7.00E+02  3.895E-01  4.634E+00  2.212E+00  1.478E+02  5.663E-04
 8.00E+02  4.247E-01  5.488E+00  2.597E+00  1.358E+02  6.341E-04
 9.00E+02  4.592E-01  6.387E+00  3.001E+00  1.257E+02  6.956E-04
 1.00E+03  4.931E-01  7.334E+00  3.422E+00  1.174E+02  7.508E-04
 1.25E+03  5.756E-01  9.887E+00  4.551E+00  1.017E+02  8.633E-04
 1.50E+03  6.562E-01  1.270E+01  5.785E+00  9.031E+01  9.615E-04
 1.75E+03  7.351E-01  1.576E+01  7.119E+00  8.124E+01  1.049E-03
 2.00E+03  8.128E-01  1.907E+01  8.550E+00  7.393E+01  1.127E-03
 2.50E+03  9.652E-01  2.637E+01  1.169E+01  6.292E+01  1.265E-03
 3.00E+03  1.115E+00  3.458E+01  1.518E+01  5.498E+01  1.383E-03
 3.50E+03  1.262E+00  4.363E+01  1.901E+01  4.898E+01  1.486E-03
 4.00E+03  1.407E+00  5.353E+01  2.317E+01  4.426E+01  1.578E-03
 4.50E+03  1.551E+00  6.423E+01  2.765E+01  4.045E+01  1.662E-03
 5.00E+03  1.694E+00  7.573E+01  3.244E+01  3.733E+01  1.737E-03
 6.00E+03  1.976E+00  1.010E+02  4.292E+01  3.244E+01  1.870E-03
 7.00E+03  2.254E+00  1.294E+02  5.457E+01  2.877E+01  1.985E-03
 8.00E+03  2.530E+00  1.607E+02  6.735E+01  2.592E+01  2.087E-03
 9.00E+03  2.803E+00  1.948E+02  8.122E+01  2.365E+01  2.177E-03
 1.00E+04  3.073E+00  2.317E+02  9.618E+01  2.179E+01  2.259E-03
 1.25E+04  3.738E+00  3.360E+02  1.382E+02  1.829E+01  2.433E-03
 1.50E+04  4.392E+00  4.567E+02  1.864E+02  1.584E+01  2.578E-03
 1.75E+04  5.035E+00  5.935E+02  2.407E+02  1.403E+01  2.701E-03
 2.00E+04  5.668E+00  7.457E+02  3.008E+02  1.263E+01  2.807E-03
 2.50E+04  6.903E+00  1.095E+03  4.377E+02  1.061E+01  2.988E-03
 3.00E+04  8.104E+00  1.501E+03  5.959E+02  9.204E+00  3.136E-03
 3.50E+04  9.270E+00  1.962E+03  7.741E+02  8.173E+00  3.264E-03
 4.00E+04  1.040E+01  2.475E+03  9.720E+02  7.380E+00  3.377E-03
 4.50E+04  1.151E+01  3.039E+03  1.188E+03  6.751E+00  3.478E-03
 5.00E+04  1.258E+01  3.651E+03  1.422E+03  6.240E+00  3.571E-03
 6.00E+04  1.464E+01  5.015E+03  1.940E+03  5.457E+00  3.736E-03
 7.00E+04  1.659E+01  6.554E+03  2.521E+03  4.886E+00  3.883E-03
 8.00E+04  1.845E+01  8.260E+03  3.162E+03  4.450E+00  4.018E-03
 9.00E+04  2.021E+01  1.012E+04  3.857E+03  4.106E+00  4.144E-03
 1.00E+05  2.189E+01  1.213E+04  4.605E+03  3.828E+00  4.264E-03
 1.25E+05  2.564E+01  1.778E+04  6.703E+03  3.321E+00  4.548E-03
 1.50E+05  2.906E+01  2.417E+04  9.053E+03  2.979E+00  4.818E-03
 1.75E+05  3.211E+01  3.126E+04  1.164E+04  2.734E+00  5.082E-03
 2.00E+05  3.485E+01  3.898E+04  1.444E+04  2.549E+00  5.344E-03
 2.50E+05  3.953E+01  5.608E+04  2.061E+04  2.293E+00  5.874E-03
 3.00E+05  4.338E+01  7.514E+04  2.744E+04  2.124E+00  6.421E-03
 3.50E+05  4.657E+01  9.595E+04  3.486E+04  2.006E+00  6.990E-03
 4.00E+05  4.926E+01  1.182E+05  4.279E+04  1.920E+00  7.581E-03
 4.50E+05  5.153E+01  1.420E+05  5.120E+04  1.855E+00  8.194E-03
 5.00E+05  5.347E+01  1.671E+05  6.006E+04  1.805E+00  8.831E-03
 6.00E+05  5.661E+01  2.209E+05  7.903E+04  1.734E+00  1.017E-02
 7.00E+05  5.900E+01  2.793E+05  9.955E+04  1.688E+00  1.158E-02
 8.00E+05  6.086E+01  3.420E+05  1.215E+05  1.657E+00  1.306E-02
 9.00E+05  6.233E+01  4.088E+05  1.449E+05  1.636E+00  1.461E-02
 1.00E+06  6.354E+01  4.797E+05  1.697E+05  1.621E+00  1.622E-02
 1.25E+06  6.570E+01  6.737E+05  2.374E+05  1.601E+00  2.047E-02
 1.50E+06  6.709E+01  8.912E+05  3.132E+05  1.595E+00  2.502E-02
 1.75E+06  6.806E+01  1.132E+06  3.969E+05  1.595E+00  2.983E-02
 2.00E+06  6.876E+01  1.395E+06  4.883E+05  1.598E+00  3.484E-02
 2.50E+06  6.964E+01  1.986E+06  6.939E+05  1.609E+00  4.539E-02
 3.00E+06  7.020E+01  2.665E+06  9.291E+05  1.622E+00  5.652E-02
 3.50E+06  7.054E+01  3.427E+06  1.193E+06  1.635E+00  6.812E-02
 4.00E+06  7.078E+01  4.273E+06  1.486E+06  1.647E+00  8.010E-02
 4.50E+06  7.095E+01  5.202E+06  1.808E+06  1.659E+00  9.244E-02
 5.00E+06  7.108E+01  6.211E+06  2.157E+06  1.670E+00  1.051E-01
 6.00E+06  7.127E+01  8.464E+06  2.935E+06  1.690E+00  1.310E-01
 7.00E+06  7.137E+01  1.104E+07  3.825E+06  1.707E+00  1.579E-01
 8.00E+06  7.144E+01  1.393E+07  4.819E+06  1.722E+00  1.854E-01
 9.00E+06  7.149E+01  1.711E+07  5.917E+06  1.735E+00  2.136E-01
 1.00E+07  7.153E+01  2.060E+07  7.119E+06  1.747E+00  2.422E-01
 1.25E+07  7.159E+01  3.062E+07  1.056E+07  1.772E+00  3.156E-01
 1.50E+07  7.162E+01  4.247E+07  1.464E+07  1.792E+00  3.911E-01
 1.75E+07  7.165E+01  5.610E+07  1.932E+07  1.808E+00  4.680E-01
 2.00E+07  7.166E+01  7.153E+07  2.460E+07  1.822E+00  5.462E-01
 2.50E+07  7.167E+01  1.076E+08  3.696E+07  1.845E+00  7.052E-01
 3.00E+07  7.167E+01  1.507E+08  5.167E+07  1.862E+00  8.669E-01
 3.50E+07  7.169E+01  2.007E+08  6.870E+07  1.877E+00  1.031E+00
 4.00E+07  7.169E+01  2.575E+08  8.805E+07  1.889E+00  1.196E+00
 4.50E+07  7.169E+01  3.214E+08  1.097E+08  1.900E+00  1.363E+00
 5.00E+07  7.169E+01  3.921E+08  1.337E+08  1.909E+00  1.530E+00
 6.00E+07  7.169E+01  5.544E+08  1.885E+08  1.926E+00  1.869E+00
 7.00E+07  7.169E+01  7.448E+08  2.527E+08  1.939E+00  2.210E+00
 8.00E+07  7.169E+01  9.634E+08  3.262E+08  1.951E+00  2.553E+00
 9.00E+07  7.169E+01  1.211E+09  4.090E+08  1.961E+00  2.898E+00
 1.00E+08  7.169E+01  1.486E+09  5.012E+08  1.970E+00  3.245E+00
 1.25E+08  7.169E+01  2.300E+09  7.734E+08  1.989E+00  4.117E+00
 1.50E+08  7.169E+01  3.293E+09  1.105E+09  2.004E+00  4.994E+00
 1.75E+08  7.169E+01  4.466E+09  1.496E+09  2.017E+00  5.875E+00
 2.00E+08  7.169E+01  5.816E+09  1.946E+09  2.028E+00  6.760E+00
 2.50E+08  7.169E+01  9.056E+09  3.026E+09  2.046E+00  8.536E+00
 3.00E+08  7.169E+01  1.301E+10  4.344E+09  2.061E+00  1.032E+01
 3.50E+08  7.169E+01  1.768E+10  5.902E+09  2.073E+00  1.211E+01
 4.00E+08  7.169E+01  2.307E+10  7.697E+09  2.084E+00  1.390E+01
 4.50E+08  7.169E+01  2.917E+10  9.731E+09  2.093E+00  1.569E+01
 5.00E+08  7.169E+01  3.599E+10  1.200E+10  2.102E+00  1.749E+01
 6.00E+08  7.169E+01  5.178E+10  1.727E+10  2.117E+00  2.109E+01
 7.00E+08  7.169E+01  7.042E+10  2.348E+10  2.129E+00  2.470E+01
 8.00E+08  7.169E+01  9.193E+10  3.065E+10  2.140E+00  2.831E+01
 9.00E+08  7.169E+01  1.163E+11  3.878E+10  2.149E+00  3.192E+01
 1.00E+09  7.169E+01  1.435E+11  4.786E+10  2.158E+00  3.554E+01
P12  NUMBER OF INPUT ENERGIES=(119) FOR PHOTONS /.LT.400/
 1.000E+03  1.943E+00  8.777E-03  3.736E+03  1.000E-35
 1.010E+03  1.940E+00  9.029E-03  3.641E+03  1.000E-35
 1.020E+03  1.937E+00  9.286E-03  3.548E+03  1.000E-35
 1.020E+03  1.937E+00  9.286E-03  3.548E+03  1.000E-35
 1.031E+03  1.934E+00  9.587E-03  3.444E+03  1.000E-35
 1.043E+03  1.930E+00  9.894E-03  3.343E+03  1.000E-35
 1.043E+03  1.930E+00  9.894E-03  3.344E+03  1.000E-35
 1.116E+03  1.907E+00  1.188E-02  2.795E+03  1.000E-35
 1.194E+03  1.882E+00  1.410E-02  2.337E+03  1.000E-35
 1.194E+03  1.882E+00  1.410E-02  2.337E+03  1.000E-35
 1.250E+03  1.863E+00  1.575E-02  2.067E+03  1.000E-35
 1.305E+03  1.845E+00  1.739E-02  1.842E+03  1.000E-35
 1.305E+03  1.845E+00  1.739E-02  1.853E+03  1.000E-35
 1.500E+03  1.779E+00  2.332E-02  1.276E+03  1.000E-35
 1.750E+03  1.691E+00  3.093E-02  8.361E+02  1.000E-35
 2.000E+03  1.604E+00  3.828E-02  5.774E+02  1.000E-35
 2.146E+03  1.554E+00  4.240E-02  4.738E+02  1.000E-35
 2.146E+03  1.554E+00  4.240E-02  7.072E+02  1.000E-35
 2.472E+03  1.445E+00  5.114E-02  4.872E+02  1.000E-35
 2.472E+03  1.445E+00  5.114E-02  4.930E+02  1.000E-35
 2.500E+03  1.436E+00  5.186E-02  4.787E+02  1.000E-35
 3.000E+03  1.283E+00  6.378E-02  2.939E+02  1.000E-35
 3.500E+03  1.149E+00  7.415E-02  1.919E+02  1.000E-35
 4.000E+03  1.032E+00  8.316E-02  1.318E+02  1.000E-35
 4.038E+03  1.024E+00  8.379E-02  1.283E+02  1.000E-35
 4.038E+03  1.024E+00  8.379E-02  3.182E+02  1.000E-35
 4.500E+03  9.325E-01  9.099E-02  2.407E+02  1.000E-35
 5.000E+03  8.469E-01  9.784E-02  1.825E+02  1.000E-35
 6.000E+03  7.096E-01  1.091E-01  1.112E+02  1.000E-35
 7.000E+03  6.057E-01  1.181E-01  7.278E+01  1.000E-35
 8.000E+03  5.249E-01  1.252E-01  5.022E+01  1.000E-35
 9.000E+03  4.604E-01  1.311E-01  3.603E+01  1.000E-35
 9.659E+03  4.247E-01  1.345E-01  2.947E+01  1.000E-35
 9.659E+03  4.247E-01  1.345E-01  2.949E+01  1.000E-35
 1.000E+04  4.079E-01  1.361E-01  2.671E+01  1.000E-35
 1.250E+04  3.114E-01  1.456E-01  1.404E+01  1.000E-35
 1.500E+04  2.459E-01  1.524E-01  8.235E+00  1.000E-35
 1.750E+04  1.990E-01  1.573E-01  5.220E+00  1.000E-35
 2.000E+04  1.643E-01  1.609E-01  3.505E+00  1.000E-35
 2.500E+04  1.172E-01  1.655E-01  1.788E+00  1.000E-35
 3.000E+04  8.777E-02  1.678E-01  1.026E+00  1.000E-35
 3.500E+04  6.847E-02  1.686E-01  6.393E-01  1.000E-35
 4.000E+04  5.499E-02  1.686E-01  4.232E-01  1.000E-35
 4.500E+04  4.515E-02  1.680E-01  2.936E-01  1.000E-35
 5.000E+04  3.772E-02  1.670E-01  2.114E-01  1.000E-35
 6.000E+04  2.745E-02  1.644E-01  1.194E-01  1.000E-35
 7.000E+04  2.085E-02  1.613E-01  7.352E-02  1.000E-35
 8.000E+04  1.635E-02  1.582E-01  4.824E-02  1.000E-35
 9.000E+04  1.316E-02  1.550E-01  3.325E-02  1.000E-35
 1.000E+05  1.082E-02  1.519E-01  2.383E-02  1.000E-35
 1.250E+05  7.103E-03  1.445E-01  1.177E-02  1.000E-35
 1.500E+05  5.015E-03  1.379E-01  6.624E-03  1.000E-35
 1.750E+05  3.726E-03  1.321E-01  4.086E-03  1.000E-35
 2.000E+05  2.876E-03  1.268E-01  2.697E-03  1.000E-35
 2.500E+05  1.860E-03  1.179E-01  1.360E-03  1.000E-35
 3.000E+05  1.300E-03  1.106E-01  7.878E-04  1.000E-35
 3.500E+05  9.587E-04  1.045E-01  5.022E-04  1.000E-35
 4.000E+05  7.359E-04  9.923E-02  3.437E-04  1.000E-35
 4.500E+05  5.826E-04  9.467E-02  2.482E-04  1.000E-35
 5.000E+05  4.725E-04  9.066E-02  1.873E-04  1.000E-35
 6.000E+05  3.287E-04  8.389E-02  1.173E-04  1.000E-35
 7.000E+05  2.418E-04  7.836E-02  8.028E-05  1.000E-35
 8.000E+05  1.852E-04  7.372E-02  5.955E-05  1.000E-35
 9.000E+05  1.464E-04  6.974E-02  4.698E-05  1.000E-35
 1.000E+06  1.187E-04  6.629E-02  3.702E-05  1.000E-35
 1.022E+06  1.136E-04  6.559E-02  3.501E-05  1.000E-35
 1.250E+06  7.598E-05  5.927E-02  2.371E-05  2.701E-05
 1.500E+06  5.278E-05  5.386E-02  1.714E-05  1.459E-04
 1.750E+06  3.878E-05  4.952E-02  1.318E-05  3.377E-04
 2.000E+06  2.970E-05  4.595E-02  1.064E-05  5.748E-04
 2.044E+06  2.843E-05  4.538E-02  1.028E-05  6.195E-04
 2.500E+06  1.901E-05  4.035E-02  7.580E-06  1.102E-03
 3.000E+06  1.320E-05  3.613E-02  5.836E-06  1.641E-03
 3.500E+06  9.700E-06  3.282E-02  4.723E-06  2.172E-03
 4.000E+06  7.427E-06  3.013E-02  3.956E-06  2.682E-03
 4.500E+06  5.868E-06  2.790E-02  3.399E-06  3.165E-03
 5.000E+06  4.753E-06  2.601E-02  2.977E-06  3.624E-03
 6.000E+06  3.301E-06  2.299E-02  2.379E-06  4.478E-03
 7.000E+06  2.425E-06  2.066E-02  1.978E-06  5.243E-03
 8.000E+06  1.857E-06  1.880E-02  1.692E-06  5.935E-03
 9.000E+06  1.467E-06  1.728E-02  1.477E-06  6.567E-03
 1.000E+07  1.188E-06  1.601E-02  1.310E-06  7.141E-03
 1.100E+07  9.821E-07  1.493E-02  1.177E-06  7.666E-03
 1.200E+07  8.252E-07  1.400E-02  1.068E-06  8.148E-03
 1.300E+07  7.032E-07  1.319E-02  9.778E-07  8.596E-03
 1.400E+07  6.063E-07  1.247E-02  9.012E-07  9.015E-03
 1.500E+07  5.282E-07  1.184E-02  8.359E-07  9.405E-03
 1.600E+07  4.642E-07  1.127E-02  7.793E-07  9.775E-03
 1.800E+07  3.668E-07  1.030E-02  6.861E-07  1.045E-02
 2.000E+07  2.971E-07  9.497E-03  6.128E-07  1.105E-02
 2.200E+07  2.455E-07  8.818E-03  5.538E-07  1.160E-02
 2.400E+07  2.063E-07  8.238E-03  5.051E-07  1.211E-02
 2.600E+07  1.758E-07  7.735E-03  4.640E-07  1.256E-02
 2.800E+07  1.516E-07  7.295E-03  4.294E-07  1.299E-02
 3.000E+07  1.320E-07  6.906E-03  3.994E-07  1.338E-02
 3.500E+07  9.701E-08  6.105E-03  3.400E-07  1.425E-02
 4.000E+07  7.427E-08  5.483E-03  2.961E-07  1.500E-02
 4.500E+07  5.868E-08  4.983E-03  2.622E-07  1.564E-02
 5.000E+07  4.753E-08  4.573E-03  2.353E-07  1.621E-02
 6.000E+07  3.301E-08  3.938E-03  1.951E-07  1.718E-02
 7.000E+07  2.425E-08  3.466E-03  1.667E-07  1.796E-02
 8.000E+07  1.857E-08  3.102E-03  1.455E-07  1.863E-02
 9.000E+07  1.467E-08  2.812E-03  1.291E-07  1.919E-02
 1.000E+08  1.188E-08  2.574E-03  1.160E-07  1.968E-02
 1.250E+08  7.605E-09  2.132E-03  9.253E-08  2.067E-02
 1.500E+08  5.282E-09  1.827E-03  7.697E-08  2.143E-02
 1.750E+08  3.880E-09  1.602E-03  6.587E-08  2.203E-02
 2.000E+08  2.971E-09  1.429E-03  5.757E-08  2.251E-02
 2.500E+08  1.901E-09  1.179E-03  4.599E-08  2.326E-02
 3.000E+08  1.320E-09  1.007E-03  3.829E-08  2.381E-02
 3.500E+08  9.701E-10  8.813E-04  3.280E-08  2.424E-02
 4.000E+08  7.427E-10  7.847E-04  2.869E-08  2.459E-02
 4.500E+08  5.868E-10  7.081E-04  2.549E-08  2.487E-02
 5.000E+08  4.753E-10  6.458E-04  2.294E-08  2.510E-02
 6.000E+08  3.301E-10  5.504E-04  1.910E-08  2.548E-02
 7.000E+08  2.425E-10  4.807E-04  1.637E-08  2.576E-02
 8.000E+08  1.857E-10  4.273E-04  1.432E-08  2.598E-02
 9.000E+08  1.467E-10  3.851E-04  1.272E-08  2.616E-02
 1.000E+09  1.188E-10  3.508E-04  1.145E-08  2.631E-02
