P1   MATERIAL:(DryAir                                    -DBASE)
P2   MASS DENSITY=( 1.2048E-03) g/cm**3
P3   NUMBER OF ELEMENTS IN THE MOLECULE=( 4) /.LE.15/
P4+  ATOMIC NUMBER=( 6),ATOMS/MOLECULE=( 1.501870E-04)
P4+  ATOMIC NUMBER=( 7),ATOMS/MOLECULE=( 7.844300E-01)
P4+  ATOMIC NUMBER=( 8),ATOMS/MOLECULE=( 2.107480E-01)
P4+  ATOMIC NUMBER=(18),ATOMS/MOLECULE=( 4.671110E-03)
P5   MEAN EXCITATION ENERGY=(   85.70) eV
P6   NUMBER OF OSCILLATORS=(13) /.LE.30/
P7+  ( 6.007480E-04,-6.427440E-03, 2.069E+03, 0) OSCILLATOR DATA
P7+  ( 3.196282E+00, 1.400000E+01, 3.920E-01, 0) OSCILLATOR DATA
P7+  ( 1.568860E+00, 1.500000E+01, 6.720E-01, 0) OSCILLATOR DATA
P7+  ( 2.802666E-02, 1.600000E+01, 4.420E-01, 0) OSCILLATOR DATA
P7+  ( 4.214960E-01, 2.400000E+01, 5.790E-01, 0) OSCILLATOR DATA
P7+  ( 9.342220E-03, 2.900000E+01, 6.490E-01, 0) OSCILLATOR DATA
P7+  ( 1.868444E-02, 2.490000E+02, 1.040E-01, 0) OSCILLATOR DATA
P7+  ( 9.342220E-03, 2.510000E+02, 1.040E-01, 0) OSCILLATOR DATA
P7+  ( 3.003740E-04, 2.850000E+02, 1.530E-01, 0) OSCILLATOR DATA
P7+  ( 9.342220E-03, 3.260000E+02, 1.980E-01, 0) OSCILLATOR DATA
P7+  ( 1.568860E+00, 4.100000E+02, 1.300E-01, 7) OSCILLATOR DATA
P7+  ( 4.214960E-01, 5.430000E+02, 1.130E-01, 8) OSCILLATOR DATA
P7+  ( 9.342220E-03, 3.206000E+03, 4.900E-02,18) OSCILLATOR DATA
P8   NUMBER OF INPUT ENERGIES=(106) FOR ELECTRONS /.LT.180/
 1.00E+02  9.503E-02  1.662E-01  1.835E-01  3.697E+02  6.413E-04
 1.25E+02  1.102E-01  2.175E-01  2.154E-01  3.448E+02  7.600E-04
 1.50E+02  1.241E-01  2.736E-01  2.480E-01  3.206E+02  8.734E-04
 1.75E+02  1.372E-01  3.344E-01  2.817E-01  2.988E+02  9.816E-04
 2.00E+02  1.496E-01  3.996E-01  3.171E-01  2.797E+02  1.086E-03
 2.50E+02  1.730E-01  5.430E-01  3.926E-01  2.482E+02  1.281E-03
 3.00E+02  1.951E-01  7.031E-01  4.748E-01  2.236E+02  1.463E-03
 3.50E+02  2.166E-01  8.793E-01  5.634E-01  2.038E+02  1.630E-03
 4.00E+02  2.373E-01  1.071E+00  6.585E-01  1.876E+02  1.785E-03
 4.50E+02  2.578E-01  1.278E+00  7.598E-01  1.740E+02  1.929E-03
 5.00E+02  2.779E-01  1.501E+00  8.673E-01  1.625E+02  2.060E-03
 6.00E+02  3.175E-01  1.992E+00  1.101E+00  1.439E+02  2.293E-03
 7.00E+02  3.566E-01  2.539E+00  1.358E+00  1.296E+02  2.489E-03
 8.00E+02  3.953E-01  3.145E+00  1.639E+00  1.181E+02  2.650E-03
 9.00E+02  4.338E-01  3.806E+00  1.941E+00  1.087E+02  2.783E-03
 1.00E+03  4.721E-01  4.523E+00  2.267E+00  1.034E+02  2.890E-03
 1.25E+03  5.673E-01  6.551E+00  3.175E+00  9.000E+01  3.063E-03
 1.50E+03  6.619E-01  8.908E+00  4.215E+00  7.983E+01  3.191E-03
 1.75E+03  7.561E-01  1.158E+01  5.382E+00  7.174E+01  3.290E-03
 2.00E+03  8.500E-01  1.457E+01  6.674E+00  6.541E+01  3.368E-03
 2.50E+03  1.037E+00  2.146E+01  9.617E+00  5.590E+01  3.487E-03
 3.00E+03  1.224E+00  2.953E+01  1.303E+01  4.904E+01  3.573E-03
 3.50E+03  1.410E+00  3.875E+01  1.689E+01  4.382E+01  3.636E-03
 4.00E+03  1.595E+00  4.908E+01  2.120E+01  3.969E+01  3.685E-03
 4.50E+03  1.780E+00  6.050E+01  2.591E+01  3.636E+01  3.725E-03
 5.00E+03  1.964E+00  7.299E+01  3.105E+01  3.359E+01  3.756E-03
 6.00E+03  2.331E+00  1.012E+02  4.255E+01  2.926E+01  3.804E-03
 7.00E+03  2.695E+00  1.333E+02  5.564E+01  2.602E+01  3.838E-03
 8.00E+03  3.057E+00  1.695E+02  7.025E+01  2.349E+01  3.864E-03
 9.00E+03  3.417E+00  2.096E+02  8.634E+01  2.145E+01  3.882E-03
 1.00E+04  3.775E+00  2.535E+02  1.039E+02  1.978E+01  3.897E-03
 1.25E+04  4.661E+00  3.793E+02  1.539E+02  1.665E+01  3.922E-03
 1.50E+04  5.535E+00  5.275E+02  2.124E+02  1.446E+01  3.937E-03
 1.75E+04  6.396E+00  6.971E+02  2.790E+02  1.283E+01  3.947E-03
 2.00E+04  7.245E+00  8.875E+02  3.534E+02  1.158E+01  3.954E-03
 2.50E+04  8.908E+00  1.328E+03  5.247E+02  9.758E+00  3.966E-03
 3.00E+04  1.052E+01  1.846E+03  7.244E+02  8.495E+00  3.975E-03
 3.50E+04  1.209E+01  2.436E+03  9.510E+02  7.565E+00  3.986E-03
 4.00E+04  1.362E+01  3.096E+03  1.203E+03  6.850E+00  3.998E-03
 4.50E+04  1.512E+01  3.824E+03  1.480E+03  6.282E+00  4.011E-03
 5.00E+04  1.656E+01  4.615E+03  1.781E+03  5.820E+00  4.026E-03
 6.00E+04  1.935E+01  6.383E+03  2.448E+03  5.111E+00  4.057E-03
 7.00E+04  2.198E+01  8.385E+03  3.199E+03  4.593E+00  4.093E-03
 8.00E+04  2.450E+01  1.060E+04  4.028E+03  4.198E+00  4.133E-03
 9.00E+04  2.688E+01  1.303E+04  4.930E+03  3.886E+00  4.175E-03
 1.00E+05  2.915E+01  1.564E+04  5.902E+03  3.633E+00  4.222E-03
 1.25E+05  3.446E+01  2.307E+04  8.640E+03  3.172E+00  4.348E-03
 1.50E+05  3.909E+01  3.144E+04  1.171E+04  2.861E+00  4.485E-03
 1.75E+05  4.322E+01  4.072E+04  1.508E+04  2.637E+00  4.631E-03
 2.00E+05  4.693E+01  5.081E+04  1.874E+04  2.470E+00  4.788E-03
 2.50E+05  5.327E+01  7.320E+04  2.683E+04  2.236E+00  5.127E-03
 3.00E+05  5.848E+01  9.819E+04  3.579E+04  2.084E+00  5.495E-03
 3.50E+05  6.281E+01  1.254E+05  4.552E+04  1.978E+00  5.891E-03
 4.00E+05  6.646E+01  1.547E+05  5.595E+04  1.902E+00  6.313E-03
 4.50E+05  6.954E+01  1.860E+05  6.702E+04  1.845E+00  6.757E-03
 5.00E+05  7.216E+01  2.189E+05  7.871E+04  1.802E+00  7.223E-03
 6.00E+05  7.643E+01  2.897E+05  1.037E+05  1.743E+00  8.208E-03
 7.00E+05  7.966E+01  3.667E+05  1.308E+05  1.706E+00  9.258E-03
 8.00E+05  8.219E+01  4.495E+05  1.600E+05  1.683E+00  1.036E-02
 9.00E+05  8.419E+01  5.379E+05  1.911E+05  1.669E+00  1.152E-02
 1.00E+06  8.582E+01  6.317E+05  2.239E+05  1.661E+00  1.271E-02
 1.25E+06  8.873E+01  8.891E+05  3.141E+05  1.655E+00  1.588E-02
 1.50E+06  9.064E+01  1.179E+06  4.153E+05  1.661E+00  1.927E-02
 1.75E+06  9.192E+01  1.499E+06  5.271E+05  1.671E+00  2.284E-02
 2.00E+06  9.287E+01  1.850E+06  6.496E+05  1.684E+00  2.655E-02
 2.50E+06  9.408E+01  2.641E+06  9.256E+05  1.712E+00  3.437E-02
 3.00E+06  9.481E+01  3.551E+06  1.242E+06  1.740E+00  4.259E-02
 3.50E+06  9.531E+01  4.576E+06  1.599E+06  1.766E+00  5.117E-02
 4.00E+06  9.562E+01  5.714E+06  1.994E+06  1.790E+00  6.000E-02
 4.50E+06  9.585E+01  6.963E+06  2.427E+06  1.812E+00  6.909E-02
 5.00E+06  9.605E+01  8.324E+06  2.899E+06  1.833E+00  7.838E-02
 6.00E+06  9.628E+01  1.137E+07  3.956E+06  1.870E+00  9.754E-02
 7.00E+06  9.644E+01  1.485E+07  5.161E+06  1.902E+00  1.173E-01
 8.00E+06  9.651E+01  1.875E+07  6.511E+06  1.931E+00  1.376E-01
 9.00E+06  9.659E+01  2.307E+07  8.004E+06  1.956E+00  1.584E-01
 1.00E+07  9.664E+01  2.780E+07  9.638E+06  1.979E+00  1.795E-01
 1.25E+07  9.672E+01  4.140E+07  1.434E+07  2.029E+00  2.337E-01
 1.50E+07  9.676E+01  5.751E+07  1.989E+07  2.069E+00  2.894E-01
 1.75E+07  9.680E+01  7.608E+07  2.628E+07  2.104E+00  3.464E-01
 2.00E+07  9.680E+01  9.709E+07  3.350E+07  2.134E+00  4.042E-01
 2.50E+07  9.684E+01  1.462E+08  5.041E+07  2.185E+00  5.220E-01
 3.00E+07  9.684E+01  2.049E+08  7.054E+07  2.226E+00  6.417E-01
 3.50E+07  9.684E+01  2.732E+08  9.387E+07  2.256E+00  7.629E-01
 4.00E+07  9.684E+01  3.509E+08  1.204E+08  2.280E+00  8.854E-01
 4.50E+07  9.684E+01  4.380E+08  1.500E+08  2.300E+00  1.009E+00
 5.00E+07  9.684E+01  5.345E+08  1.829E+08  2.317E+00  1.134E+00
 6.00E+07  9.684E+01  7.562E+08  2.581E+08  2.344E+00  1.384E+00
 7.00E+07  9.684E+01  1.016E+09  3.461E+08  2.366E+00  1.637E+00
 8.00E+07  9.684E+01  1.316E+09  4.468E+08  2.384E+00  1.892E+00
 9.00E+07  9.684E+01  1.653E+09  5.603E+08  2.400E+00  2.148E+00
 1.00E+08  9.684E+01  2.031E+09  6.869E+08  2.413E+00  2.405E+00
 1.25E+08  9.684E+01  3.147E+09  1.061E+09  2.441E+00  3.053E+00
 1.50E+08  9.684E+01  4.512E+09  1.516E+09  2.464E+00  3.705E+00
 1.75E+08  9.684E+01  6.125E+09  2.054E+09  2.483E+00  4.360E+00
 2.00E+08  9.684E+01  7.987E+09  2.675E+09  2.499E+00  5.018E+00
 2.50E+08  9.684E+01  1.245E+10  4.164E+09  2.525E+00  6.339E+00
 3.00E+08  9.684E+01  1.792E+10  5.984E+09  2.546E+00  7.668E+00
 3.50E+08  9.684E+01  2.436E+10  8.134E+09  2.564E+00  8.998E+00
 4.00E+08  9.684E+01  3.181E+10  1.062E+10  2.579E+00  1.033E+01
 4.50E+08  9.684E+01  4.025E+10  1.343E+10  2.592E+00  1.167E+01
 5.00E+08  9.684E+01  4.968E+10  1.657E+10  2.603E+00  1.301E+01
 6.00E+08  9.684E+01  7.152E+10  2.386E+10  2.623E+00  1.569E+01
 7.00E+08  9.684E+01  9.733E+10  3.246E+10  2.638E+00  1.838E+01
 8.00E+08  9.684E+01  1.271E+11  4.238E+10  2.652E+00  2.107E+01
 9.00E+08  9.684E+01  1.608E+11  5.364E+10  2.663E+00  2.376E+01
 1.00E+09  9.684E+01  1.986E+11  6.621E+10  2.673E+00  2.646E+01
P10  NUMBER OF INPUT ENERGIES=(106) FOR POSITRONS /.LT.180/
 1.00E+02  1.643E-01  5.753E-01  3.264E-01  4.776E+02  7.535E-05
 1.25E+02  1.802E-01  6.961E-01  3.869E-01  4.375E+02  9.808E-05
 1.50E+02  1.950E-01  8.199E-01  4.481E-01  4.015E+02  1.215E-04
 1.75E+02  2.091E-01  9.467E-01  5.101E-01  3.705E+02  1.454E-04
 2.00E+02  2.228E-01  1.077E+00  5.733E-01  3.440E+02  1.696E-04
 2.50E+02  2.487E-01  1.350E+00  7.036E-01  3.015E+02  2.184E-04
 3.00E+02  2.735E-01  1.637E+00  8.391E-01  2.690E+02  2.672E-04
 3.50E+02  2.974E-01  1.940E+00  9.802E-01  2.433E+02  3.155E-04
 4.00E+02  3.206E-01  2.257E+00  1.127E+00  2.226E+02  3.627E-04
 4.50E+02  3.433E-01  2.591E+00  1.280E+00  2.054E+02  4.087E-04
 5.00E+02  3.656E-01  2.939E+00  1.438E+00  1.909E+02  4.532E-04
 6.00E+02  4.092E-01  3.679E+00  1.772E+00  1.679E+02  5.372E-04
 7.00E+02  4.517E-01  4.476E+00  2.129E+00  1.503E+02  6.140E-04
 8.00E+02  4.936E-01  5.331E+00  2.508E+00  1.364E+02  6.832E-04
 9.00E+02  5.348E-01  6.242E+00  2.909E+00  1.250E+02  7.451E-04
 1.00E+03  5.756E-01  7.207E+00  3.332E+00  1.185E+02  7.999E-04
 1.25E+03  6.760E-01  9.856E+00  4.482E+00  1.030E+02  9.084E-04
 1.50E+03  7.746E-01  1.283E+01  5.762E+00  9.131E+01  9.995E-04
 1.75E+03  8.724E-01  1.612E+01  7.168E+00  8.207E+01  1.078E-03
 2.00E+03  9.693E-01  1.973E+01  8.697E+00  7.464E+01  1.147E-03
 2.50E+03  1.161E+00  2.784E+01  1.211E+01  6.346E+01  1.264E-03
 3.00E+03  1.351E+00  3.713E+01  1.599E+01  5.541E+01  1.362E-03
 3.50E+03  1.540E+00  4.757E+01  2.032E+01  4.933E+01  1.444E-03
 4.00E+03  1.727E+00  5.912E+01  2.507E+01  4.456E+01  1.517E-03
 4.50E+03  1.914E+00  7.177E+01  3.026E+01  4.070E+01  1.581E-03
 5.00E+03  2.100E+00  8.550E+01  3.587E+01  3.752E+01  1.638E-03
 6.00E+03  2.470E+00  1.161E+02  4.830E+01  3.255E+01  1.737E-03
 7.00E+03  2.836E+00  1.508E+02  6.230E+01  2.885E+01  1.821E-03
 8.00E+03  3.201E+00  1.895E+02  7.787E+01  2.597E+01  1.894E-03
 9.00E+03  3.562E+00  2.322E+02  9.491E+01  2.366E+01  1.957E-03
 1.00E+04  3.922E+00  2.786E+02  1.134E+02  2.177E+01  2.014E-03
 1.25E+04  4.811E+00  4.111E+02  1.659E+02  1.823E+01  2.134E-03
 1.50E+04  5.687E+00  5.662E+02  2.270E+02  1.577E+01  2.231E-03
 1.75E+04  6.550E+00  7.431E+02  2.963E+02  1.395E+01  2.312E-03
 2.00E+04  7.401E+00  9.411E+02  3.734E+02  1.255E+01  2.383E-03
 2.50E+04  9.067E+00  1.398E+03  5.506E+02  1.052E+01  2.501E-03
 3.00E+04  1.068E+01  1.933E+03  7.569E+02  9.123E+00  2.597E-03
 3.50E+04  1.226E+01  2.544E+03  9.904E+02  8.094E+00  2.680E-03
 4.00E+04  1.379E+01  3.225E+03  1.250E+03  7.305E+00  2.753E-03
 4.50E+04  1.529E+01  3.975E+03  1.536E+03  6.679E+00  2.819E-03
 5.00E+04  1.674E+01  4.792E+03  1.845E+03  6.170E+00  2.879E-03
 6.00E+04  1.952E+01  6.614E+03  2.531E+03  5.393E+00  2.987E-03
 7.00E+04  2.216E+01  8.677E+03  3.304E+03  4.825E+00  3.084E-03
 8.00E+04  2.468E+01  1.096E+04  4.157E+03  4.392E+00  3.174E-03
 9.00E+04  2.707E+01  1.347E+04  5.085E+03  4.052E+00  3.259E-03
 1.00E+05  2.934E+01  1.617E+04  6.084E+03  3.776E+00  3.341E-03
 1.25E+05  3.446E+01  2.372E+04  8.868E+03  3.274E+00  3.537E-03
 1.50E+05  3.909E+01  3.234E+04  1.201E+04  2.935E+00  3.724E-03
 1.75E+05  4.322E+01  4.190E+04  1.549E+04  2.692E+00  3.907E-03
 2.00E+05  4.693E+01  5.231E+04  1.925E+04  2.510E+00  4.093E-03
 2.50E+05  5.327E+01  7.541E+04  2.755E+04  2.257E+00  4.471E-03
 3.00E+05  5.848E+01  1.012E+05  3.677E+04  2.091E+00  4.863E-03
 3.50E+05  6.281E+01  1.294E+05  4.679E+04  1.976E+00  5.273E-03
 4.00E+05  6.646E+01  1.596E+05  5.752E+04  1.893E+00  5.703E-03
 4.50E+05  6.954E+01  1.918E+05  6.891E+04  1.831E+00  6.151E-03
 5.00E+05  7.216E+01  2.259E+05  8.093E+04  1.784E+00  6.617E-03
 6.00E+05  7.643E+01  2.991E+05  1.067E+05  1.719E+00  7.596E-03
 7.00E+05  7.966E+01  3.786E+05  1.346E+05  1.678E+00  8.634E-03
 8.00E+05  8.219E+01  4.641E+05  1.645E+05  1.652E+00  9.724E-03
 9.00E+05  8.419E+01  5.553E+05  1.964E+05  1.636E+00  1.086E-02
 1.00E+06  8.582E+01  6.521E+05  2.302E+05  1.626E+00  1.204E-02
 1.25E+06  8.873E+01  9.175E+05  3.228E+05  1.617E+00  1.517E-02
 1.50E+06  9.064E+01  1.215E+06  4.265E+05  1.621E+00  1.851E-02
 1.75E+06  9.192E+01  1.545E+06  5.413E+05  1.630E+00  2.204E-02
 2.00E+06  9.287E+01  1.906E+06  6.667E+05  1.642E+00  2.572E-02
 2.50E+06  9.408E+01  2.720E+06  9.491E+05  1.668E+00  3.347E-02
 3.00E+06  9.481E+01  3.654E+06  1.273E+06  1.695E+00  4.164E-02
 3.50E+06  9.531E+01  4.706E+06  1.637E+06  1.720E+00  5.017E-02
 4.00E+06  9.562E+01  5.874E+06  2.042E+06  1.744E+00  5.897E-02
 4.50E+06  9.585E+01  7.156E+06  2.485E+06  1.766E+00  6.803E-02
 5.00E+06  9.605E+01  8.551E+06  2.967E+06  1.786E+00  7.729E-02
 6.00E+06  9.628E+01  1.167E+07  4.046E+06  1.822E+00  9.643E-02
 7.00E+06  9.644E+01  1.523E+07  5.275E+06  1.854E+00  1.162E-01
 8.00E+06  9.651E+01  1.923E+07  6.651E+06  1.883E+00  1.365E-01
 9.00E+06  9.659E+01  2.365E+07  8.174E+06  1.908E+00  1.573E-01
 1.00E+07  9.664E+01  2.848E+07  9.842E+06  1.931E+00  1.784E-01
 1.25E+07  9.672E+01  4.239E+07  1.463E+07  1.980E+00  2.327E-01
 1.50E+07  9.676E+01  5.884E+07  2.028E+07  2.020E+00  2.885E-01
 1.75E+07  9.680E+01  7.779E+07  2.679E+07  2.055E+00  3.455E-01
 2.00E+07  9.680E+01  9.922E+07  3.414E+07  2.085E+00  4.034E-01
 2.50E+07  9.684E+01  1.494E+08  5.132E+07  2.135E+00  5.213E-01
 3.00E+07  9.684E+01  2.093E+08  7.178E+07  2.176E+00  6.412E-01
 3.50E+07  9.684E+01  2.787E+08  9.549E+07  2.207E+00  7.624E-01
 4.00E+07  9.684E+01  3.577E+08  1.224E+08  2.231E+00  8.850E-01
 4.50E+07  9.684E+01  4.462E+08  1.525E+08  2.250E+00  1.009E+00
 5.00E+07  9.684E+01  5.444E+08  1.859E+08  2.267E+00  1.133E+00
 6.00E+07  9.684E+01  7.693E+08  2.620E+08  2.294E+00  1.384E+00
 7.00E+07  9.684E+01  1.033E+09  3.510E+08  2.316E+00  1.637E+00
 8.00E+07  9.684E+01  1.335E+09  4.529E+08  2.334E+00  1.892E+00
 9.00E+07  9.684E+01  1.677E+09  5.676E+08  2.350E+00  2.148E+00
 1.00E+08  9.684E+01  2.058E+09  6.955E+08  2.363E+00  2.405E+00
 1.25E+08  9.684E+01  3.184E+09  1.072E+09  2.391E+00  3.053E+00
 1.50E+08  9.684E+01  4.558E+09  1.531E+09  2.414E+00  3.705E+00
 1.75E+08  9.684E+01  6.179E+09  2.071E+09  2.433E+00  4.360E+00
 2.00E+08  9.684E+01  8.049E+09  2.695E+09  2.449E+00  5.018E+00
 2.50E+08  9.684E+01  1.253E+10  4.190E+09  2.475E+00  6.339E+00
 3.00E+08  9.684E+01  1.801E+10  6.015E+09  2.496E+00  7.668E+00
 3.50E+08  9.684E+01  2.448E+10  8.170E+09  2.514E+00  8.998E+00
 4.00E+08  9.684E+01  3.193E+10  1.066E+10  2.529E+00  1.033E+01
 4.50E+08  9.684E+01  4.039E+10  1.348E+10  2.542E+00  1.167E+01
 5.00E+08  9.684E+01  4.983E+10  1.663E+10  2.553E+00  1.301E+01
 6.00E+08  9.684E+01  7.170E+10  2.391E+10  2.573E+00  1.569E+01
 7.00E+08  9.684E+01  9.752E+10  3.252E+10  2.588E+00  1.838E+01
 8.00E+08  9.684E+01  1.273E+11  4.245E+10  2.601E+00  2.107E+01
 9.00E+08  9.684E+01  1.611E+11  5.371E+10  2.613E+00  2.376E+01
 1.00E+09  9.684E+01  1.988E+11  6.630E+10  2.622E+00  2.646E+01
P12  NUMBER OF INPUT ENERGIES=(102) FOR PHOTONS /.LT.400/
 1.000E+03  1.365E+00  1.228E-02  3.605E+03  1.000E-35
 1.250E+03  1.310E+00  1.967E-02  1.966E+03  1.000E-35
 1.500E+03  1.249E+00  2.727E-02  1.190E+03  1.000E-35
 1.750E+03  1.184E+00  3.474E-02  7.712E+02  1.000E-35
 2.000E+03  1.117E+00  4.188E-02  5.268E+02  1.000E-35
 2.500E+03  9.840E-01  5.489E-02  2.761E+02  1.000E-35
 3.000E+03  8.616E-01  6.611E-02  1.616E+02  1.000E-35
 3.203E+03  8.161E-01  7.018E-02  1.330E+02  1.000E-35
 3.203E+03  8.161E-01  7.018E-02  1.475E+02  1.000E-35
 3.500E+03  7.543E-01  7.569E-02  1.141E+02  1.000E-35
 4.000E+03  6.626E-01  8.391E-02  7.713E+01  1.000E-35
 4.500E+03  5.854E-01  9.103E-02  5.437E+01  1.000E-35
 5.000E+03  5.206E-01  9.725E-02  3.966E+01  1.000E-35
 6.000E+03  4.205E-01  1.076E-01  2.288E+01  1.000E-35
 7.000E+03  3.483E-01  1.160E-01  1.431E+01  1.000E-35
 8.000E+03  2.949E-01  1.229E-01  9.503E+00  1.000E-35
 9.000E+03  2.542E-01  1.287E-01  6.608E+00  1.000E-35
 1.000E+04  2.223E-01  1.336E-01  4.766E+00  1.000E-35
 1.250E+04  1.666E-01  1.432E-01  2.372E+00  1.000E-35
 1.500E+04  1.307E-01  1.501E-01  1.335E+00  1.000E-35
 1.750E+04  1.056E-01  1.550E-01  8.187E-01  1.000E-35
 2.000E+04  8.706E-02  1.586E-01  5.348E-01  1.000E-35
 2.500E+04  6.189E-02  1.630E-01  2.614E-01  1.000E-35
 3.000E+04  4.608E-02  1.649E-01  1.451E-01  1.000E-35
 3.500E+04  3.556E-02  1.653E-01  8.805E-02  1.000E-35
 4.000E+04  2.825E-02  1.648E-01  5.704E-02  1.000E-35
 4.500E+04  2.297E-02  1.639E-01  3.886E-02  1.000E-35
 5.000E+04  1.904E-02  1.626E-01  2.755E-02  1.000E-35
 6.000E+04  1.369E-02  1.595E-01  1.517E-02  1.000E-35
 7.000E+04  1.030E-02  1.562E-01  9.157E-03  1.000E-35
 8.000E+04  8.030E-03  1.529E-01  5.912E-03  1.000E-35
 9.000E+04  6.428E-03  1.496E-01  4.019E-03  1.000E-35
 1.000E+05  5.259E-03  1.464E-01  2.846E-03  1.000E-35
 1.250E+05  3.422E-03  1.391E-01  1.373E-03  1.000E-35
 1.500E+05  2.399E-03  1.326E-01  7.602E-04  1.000E-35
 1.750E+05  1.774E-03  1.268E-01  4.630E-04  1.000E-35
 2.000E+05  1.363E-03  1.218E-01  3.026E-04  1.000E-35
 2.500E+05  8.769E-04  1.131E-01  1.503E-04  1.000E-35
 3.000E+05  6.107E-04  1.061E-01  8.603E-05  1.000E-35
 3.500E+05  4.494E-04  1.001E-01  5.440E-05  1.000E-35
 4.000E+05  3.445E-04  9.509E-02  3.698E-05  1.000E-35
 4.500E+05  2.724E-04  9.071E-02  2.657E-05  1.000E-35
 5.000E+05  2.208E-04  8.686E-02  1.998E-05  1.000E-35
 6.000E+05  1.534E-04  8.037E-02  1.246E-05  1.000E-35
 7.000E+05  1.128E-04  7.509E-02  8.437E-06  1.000E-35
 8.000E+05  8.636E-05  7.063E-02  6.296E-06  1.000E-35
 9.000E+05  6.825E-05  6.681E-02  5.068E-06  1.000E-35
 1.000E+06  5.529E-05  6.349E-02  3.914E-06  1.000E-35
 1.022E+06  5.293E-05  6.282E-02  3.656E-06  1.000E-35
 1.250E+06  3.539E-05  5.676E-02  2.481E-06  1.781E-05
 1.500E+06  2.458E-05  5.158E-02  1.798E-06  9.848E-05
 1.750E+06  1.806E-05  4.742E-02  1.388E-06  2.297E-04
 2.000E+06  1.383E-05  4.400E-02  1.128E-06  3.918E-04
 2.044E+06  1.324E-05  4.345E-02  1.091E-06  4.223E-04
 2.500E+06  8.850E-06  3.864E-02  8.099E-07  7.548E-04
 3.000E+06  6.146E-06  3.460E-02  6.276E-07  1.132E-03
 3.500E+06  4.516E-06  3.142E-02  5.106E-07  1.506E-03
 4.000E+06  3.457E-06  2.885E-02  4.297E-07  1.866E-03
 4.500E+06  2.732E-06  2.672E-02  3.704E-07  2.209E-03
 5.000E+06  2.213E-06  2.491E-02  3.252E-07  2.536E-03
 6.000E+06  1.537E-06  2.201E-02  2.612E-07  3.147E-03
 7.000E+06  1.129E-06  1.978E-02  2.180E-07  3.697E-03
 8.000E+06  8.643E-07  1.800E-02  1.869E-07  4.196E-03
 9.000E+06  6.829E-07  1.655E-02  1.635E-07  4.652E-03
 1.000E+07  5.532E-07  1.533E-02  1.453E-07  5.067E-03
 1.100E+07  4.572E-07  1.429E-02  1.308E-07  5.449E-03
 1.200E+07  3.842E-07  1.340E-02  1.188E-07  5.798E-03
 1.300E+07  3.273E-07  1.263E-02  1.089E-07  6.126E-03
 1.400E+07  2.822E-07  1.194E-02  1.004E-07  6.430E-03
 1.500E+07  2.459E-07  1.134E-02  9.323E-08  6.717E-03
 1.600E+07  2.161E-07  1.079E-02  8.701E-08  6.986E-03
 1.800E+07  1.707E-07  9.864E-03  7.670E-08  7.479E-03
 2.000E+07  1.383E-07  9.094E-03  6.860E-08  7.920E-03
 2.200E+07  1.143E-07  8.444E-03  6.202E-08  8.325E-03
 2.400E+07  9.604E-08  7.888E-03  5.659E-08  8.691E-03
 2.600E+07  8.183E-08  7.407E-03  5.204E-08  9.030E-03
 2.800E+07  7.056E-08  6.985E-03  4.817E-08  9.340E-03
 3.000E+07  6.146E-08  6.613E-03  4.483E-08  9.629E-03
 3.500E+07  4.516E-08  5.846E-03  3.821E-08  1.027E-02
 4.000E+07  3.457E-08  5.250E-03  3.329E-08  1.082E-02
 4.500E+07  2.732E-08  4.772E-03  2.949E-08  1.130E-02
 5.000E+07  2.213E-08  4.379E-03  2.647E-08  1.173E-02
 6.000E+07  1.537E-08  3.770E-03  2.197E-08  1.245E-02
 7.000E+07  1.129E-08  3.319E-03  1.878E-08  1.304E-02
 8.000E+07  8.643E-09  2.971E-03  1.640E-08  1.354E-02
 9.000E+07  6.829E-09  2.692E-03  1.455E-08  1.397E-02
 1.000E+08  5.532E-09  2.465E-03  1.308E-08  1.435E-02
 1.250E+08  3.540E-09  2.042E-03  1.044E-08  1.511E-02
 1.500E+08  2.459E-09  1.749E-03  8.685E-09  1.569E-02
 1.750E+08  1.806E-09  1.534E-03  7.436E-09  1.616E-02
 2.000E+08  1.383E-09  1.368E-03  6.500E-09  1.654E-02
 2.500E+08  8.851E-10  1.129E-03  5.193E-09  1.713E-02
 3.000E+08  6.146E-10  9.647E-04  4.324E-09  1.757E-02
 3.500E+08  4.516E-10  8.439E-04  3.704E-09  1.790E-02
 4.000E+08  3.457E-10  7.514E-04  3.240E-09  1.818E-02
 4.500E+08  2.732E-10  6.780E-04  2.879E-09  1.840E-02
 5.000E+08  2.213E-10  6.184E-04  2.590E-09  1.859E-02
 6.000E+08  1.537E-10  5.271E-04  2.158E-09  1.889E-02
 7.000E+08  1.129E-10  4.603E-04  1.849E-09  1.911E-02
 8.000E+08  8.643E-11  4.092E-04  1.618E-09  1.929E-02
 9.000E+08  6.829E-11  3.687E-04  1.438E-09  1.943E-02
 1.000E+09  5.532E-11  3.359E-04  1.294E-09  1.955E-02
