P1   MATERIAL:(Lucite                                    -DBASE)
P2   MASS DENSITY=( 1.1900E+00) g/cm**3
P3   NUMBER OF ELEMENTS IN THE MOLECULE=( 3) /.LE.15/
P4+  ATOMIC NUMBER=( 1),ATOMS/MOLECULE=( 8.000000E+00)
P4+  ATOMIC NUMBER=( 6),ATOMS/MOLECULE=( 5.000000E+00)
P4+  ATOMIC NUMBER=( 8),ATOMS/MOLECULE=( 2.000000E+00)
P5   MEAN EXCITATION ENERGY=(   74.00) eV
P6   NUMBER OF OSCILLATORS=( 5) /.LE.30/
P7+  ( 2.000000E+01, 1.100000E+01, 6.460E-01, 0) OSCILLATOR DATA
P7+  ( 1.600000E+01, 1.400000E+01, 5.995E-01, 0) OSCILLATOR DATA
P7+  ( 4.000000E+00, 2.400000E+01, 5.790E-01, 0) OSCILLATOR DATA
P7+  ( 1.000000E+01, 2.850000E+02, 1.530E-01, 0) OSCILLATOR DATA
P7+  ( 4.000000E+00, 5.430000E+02, 1.130E-01, 8) OSCILLATOR DATA
P8   NUMBER OF INPUT ENERGIES=(106) FOR ELECTRONS /.LT.180/
 1.00E+02  7.843E-02  1.645E-01  1.548E-01  4.206E+02  5.913E-04
 1.25E+02  9.206E-02  2.190E-01  1.887E-01  3.907E+02  6.988E-04
 1.50E+02  1.047E-01  2.789E-01  2.236E-01  3.627E+02  8.009E-04
 1.75E+02  1.167E-01  3.440E-01  2.601E-01  3.377E+02  8.979E-04
 2.00E+02  1.283E-01  4.142E-01  2.982E-01  3.158E+02  9.914E-04
 2.50E+02  1.504E-01  5.692E-01  3.799E-01  2.798E+02  1.166E-03
 3.00E+02  1.715E-01  7.435E-01  4.689E-01  2.518E+02  1.328E-03
 3.50E+02  1.920E-01  9.361E-01  5.652E-01  2.294E+02  1.477E-03
 4.00E+02  2.121E-01  1.147E+00  6.688E-01  2.110E+02  1.614E-03
 4.50E+02  2.319E-01  1.375E+00  7.794E-01  1.956E+02  1.740E-03
 5.00E+02  2.515E-01  1.621E+00  8.970E-01  1.826E+02  1.856E-03
 6.00E+02  2.903E-01  2.165E+00  1.153E+00  1.616E+02  2.059E-03
 7.00E+02  3.286E-01  2.776E+00  1.437E+00  1.482E+02  2.228E-03
 8.00E+02  3.667E-01  3.451E+00  1.746E+00  1.368E+02  2.366E-03
 9.00E+02  4.045E-01  4.192E+00  2.082E+00  1.268E+02  2.478E-03
 1.00E+03  4.422E-01  4.995E+00  2.442E+00  1.182E+02  2.566E-03
 1.25E+03  5.361E-01  7.274E+00  3.453E+00  1.013E+02  2.704E-03
 1.50E+03  6.295E-01  9.931E+00  4.615E+00  9.015E+01  2.805E-03
 1.75E+03  7.226E-01  1.295E+01  5.922E+00  8.110E+01  2.882E-03
 2.00E+03  8.154E-01  1.633E+01  7.370E+00  7.381E+01  2.944E-03
 2.50E+03  1.001E+00  2.414E+01  1.068E+01  6.283E+01  3.034E-03
 3.00E+03  1.185E+00  3.329E+01  1.452E+01  5.502E+01  3.099E-03
 3.50E+03  1.369E+00  4.376E+01  1.888E+01  4.909E+01  3.145E-03
 4.00E+03  1.553E+00  5.551E+01  2.374E+01  4.443E+01  3.182E-03
 4.50E+03  1.736E+00  6.851E+01  2.909E+01  4.065E+01  3.210E-03
 5.00E+03  1.918E+00  8.274E+01  3.491E+01  3.753E+01  3.233E-03
 6.00E+03  2.281E+00  1.148E+02  4.795E+01  3.265E+01  3.268E-03
 7.00E+03  2.642E+00  1.516E+02  6.279E+01  2.901E+01  3.291E-03
 8.00E+03  3.002E+00  1.929E+02  7.940E+01  2.616E+01  3.309E-03
 9.00E+03  3.359E+00  2.386E+02  9.768E+01  2.388E+01  3.322E-03
 1.00E+04  3.714E+00  2.887E+02  1.177E+02  2.201E+01  3.332E-03
 1.25E+04  4.592E+00  4.326E+02  1.746E+02  1.850E+01  3.349E-03
 1.50E+04  5.458E+00  6.020E+02  2.413E+02  1.605E+01  3.360E-03
 1.75E+04  6.312E+00  7.961E+02  3.173E+02  1.424E+01  3.367E-03
 2.00E+04  7.153E+00  1.014E+03  4.022E+02  1.284E+01  3.372E-03
 2.50E+04  8.802E+00  1.519E+03  5.978E+02  1.081E+01  3.382E-03
 3.00E+04  1.040E+01  2.112E+03  8.260E+02  9.404E+00  3.391E-03
 3.50E+04  1.197E+01  2.789E+03  1.085E+03  8.369E+00  3.402E-03
 4.00E+04  1.348E+01  3.546E+03  1.374E+03  7.575E+00  3.413E-03
 4.50E+04  1.496E+01  4.381E+03  1.691E+03  6.944E+00  3.425E-03
 5.00E+04  1.639E+01  5.289E+03  2.034E+03  6.431E+00  3.439E-03
 6.00E+04  1.916E+01  7.318E+03  2.799E+03  5.645E+00  3.469E-03
 7.00E+04  2.178E+01  9.617E+03  3.659E+03  5.070E+00  3.502E-03
 8.00E+04  2.427E+01  1.217E+04  4.610E+03  4.632E+00  3.538E-03
 9.00E+04  2.663E+01  1.495E+04  5.645E+03  4.286E+00  3.577E-03
 1.00E+05  2.888E+01  1.796E+04  6.759E+03  4.007E+00  3.619E-03
 1.25E+05  3.412E+01  2.649E+04  9.898E+03  3.496E+00  3.732E-03
 1.50E+05  3.871E+01  3.610E+04  1.341E+04  3.152E+00  3.855E-03
 1.75E+05  4.282E+01  4.678E+04  1.730E+04  2.904E+00  3.987E-03
 2.00E+05  4.649E+01  5.839E+04  2.150E+04  2.719E+00  4.126E-03
 2.50E+05  5.278E+01  8.416E+04  3.079E+04  2.461E+00  4.425E-03
 3.00E+05  5.795E+01  1.129E+05  4.109E+04  2.292E+00  4.751E-03
 3.50E+05  6.225E+01  1.443E+05  5.229E+04  2.174E+00  5.102E-03
 4.00E+05  6.585E+01  1.781E+05  6.429E+04  2.088E+00  5.476E-03
 4.50E+05  6.890E+01  2.140E+05  7.704E+04  2.023E+00  5.867E-03
 5.00E+05  7.152E+01  2.520E+05  9.047E+04  1.973E+00  6.279E-03
 6.00E+05  7.573E+01  3.336E+05  1.193E+05  1.901E+00  7.150E-03
 7.00E+05  7.894E+01  4.224E+05  1.506E+05  1.855E+00  8.076E-03
 8.00E+05  8.145E+01  5.179E+05  1.841E+05  1.823E+00  9.050E-03
 9.00E+05  8.344E+01  6.198E+05  2.199E+05  1.801E+00  1.007E-02
 1.00E+06  8.504E+01  7.280E+05  2.578E+05  1.786E+00  1.113E-02
 1.25E+06  8.796E+01  1.025E+06  3.618E+05  1.765E+00  1.393E-02
 1.50E+06  8.982E+01  1.359E+06  4.785E+05  1.758E+00  1.693E-02
 1.75E+06  9.113E+01  1.729E+06  6.075E+05  1.757E+00  2.009E-02
 2.00E+06  9.205E+01  2.134E+06  7.488E+05  1.760E+00  2.338E-02
 2.50E+06  9.327E+01  3.048E+06  1.067E+06  1.770E+00  3.031E-02
 3.00E+06  9.400E+01  4.099E+06  1.432E+06  1.782E+00  3.761E-02
 3.50E+06  9.445E+01  5.282E+06  1.844E+06  1.795E+00  4.521E-02
 4.00E+06  9.478E+01  6.597E+06  2.301E+06  1.807E+00  5.306E-02
 4.50E+06  9.502E+01  8.042E+06  2.801E+06  1.819E+00  6.115E-02
 5.00E+06  9.520E+01  9.616E+06  3.346E+06  1.830E+00  6.944E-02
 6.00E+06  9.543E+01  1.314E+07  4.567E+06  1.849E+00  8.648E-02
 7.00E+06  9.557E+01  1.716E+07  5.958E+06  1.866E+00  1.041E-01
 8.00E+06  9.568E+01  2.167E+07  7.518E+06  1.881E+00  1.222E-01
 9.00E+06  9.573E+01  2.666E+07  9.244E+06  1.894E+00  1.407E-01
 1.00E+07  9.579E+01  3.214E+07  1.113E+07  1.906E+00  1.596E-01
 1.25E+07  9.587E+01  4.786E+07  1.656E+07  1.931E+00  2.079E-01
 1.50E+07  9.591E+01  6.648E+07  2.298E+07  1.951E+00  2.577E-01
 1.75E+07  9.594E+01  8.796E+07  3.037E+07  1.967E+00  3.086E-01
 2.00E+07  9.595E+01  1.123E+08  3.872E+07  1.981E+00  3.603E-01
 2.50E+07  9.599E+01  1.692E+08  5.826E+07  2.004E+00  4.656E-01
 3.00E+07  9.599E+01  2.370E+08  8.154E+07  2.021E+00  5.728E-01
 3.50E+07  9.599E+01  3.159E+08  1.085E+08  2.036E+00  6.816E-01
 4.00E+07  9.599E+01  4.056E+08  1.392E+08  2.048E+00  7.912E-01
 4.50E+07  9.599E+01  5.063E+08  1.734E+08  2.059E+00  9.019E-01
 5.00E+07  9.599E+01  6.178E+08  2.114E+08  2.068E+00  1.013E+00
 6.00E+07  9.599E+01  8.739E+08  2.983E+08  2.084E+00  1.238E+00
 7.00E+07  9.599E+01  1.174E+09  3.998E+08  2.098E+00  1.465E+00
 8.00E+07  9.599E+01  1.519E+09  5.161E+08  2.109E+00  1.694E+00
 9.00E+07  9.599E+01  1.909E+09  6.471E+08  2.119E+00  1.924E+00
 1.00E+08  9.599E+01  2.344E+09  7.931E+08  2.128E+00  2.155E+00
 1.25E+08  9.599E+01  3.630E+09  1.224E+09  2.147E+00  2.737E+00
 1.50E+08  9.599E+01  5.203E+09  1.749E+09  2.163E+00  3.323E+00
 1.75E+08  9.599E+01  7.061E+09  2.369E+09  2.176E+00  3.912E+00
 2.00E+08  9.599E+01  9.205E+09  3.084E+09  2.187E+00  4.504E+00
 2.50E+08  9.599E+01  1.435E+10  4.799E+09  2.205E+00  5.692E+00
 3.00E+08  9.599E+01  2.064E+10  6.896E+09  2.220E+00  6.885E+00
 3.50E+08  9.599E+01  2.807E+10  9.373E+09  2.233E+00  8.084E+00
 4.00E+08  9.599E+01  3.665E+10  1.223E+10  2.244E+00  9.286E+00
 4.50E+08  9.599E+01  4.637E+10  1.547E+10  2.254E+00  1.049E+01
 5.00E+08  9.599E+01  5.723E+10  1.909E+10  2.263E+00  1.170E+01
 6.00E+08  9.599E+01  8.239E+10  2.748E+10  2.278E+00  1.411E+01
 7.00E+08  9.599E+01  1.121E+11  3.739E+10  2.291E+00  1.653E+01
 8.00E+08  9.599E+01  1.464E+11  4.883E+10  2.302E+00  1.896E+01
 9.00E+08  9.599E+01  1.853E+11  6.178E+10  2.312E+00  2.139E+01
 1.00E+09  9.599E+01  2.287E+11  7.627E+10  2.320E+00  2.382E+01
P10  NUMBER OF INPUT ENERGIES=(106) FOR POSITRONS /.LT.180/
 1.00E+02  1.276E-01  4.968E-01  2.737E-01  5.413E+02  8.341E-05
 1.25E+02  1.424E-01  6.163E-01  3.327E-01  4.946E+02  1.072E-04
 1.50E+02  1.564E-01  7.405E-01  3.932E-01  4.532E+02  1.314E-04
 1.75E+02  1.697E-01  8.695E-01  4.554E-01  4.178E+02  1.559E-04
 2.00E+02  1.826E-01  1.003E+00  5.194E-01  3.876E+02  1.806E-04
 2.50E+02  2.074E-01  1.285E+00  6.524E-01  3.393E+02  2.298E-04
 3.00E+02  2.311E-01  1.585E+00  7.925E-01  3.024E+02  2.786E-04
 3.50E+02  2.540E-01  1.904E+00  9.398E-01  2.734E+02  3.264E-04
 4.00E+02  2.764E-01  2.240E+00  1.094E+00  2.500E+02  3.728E-04
 4.50E+02  2.984E-01  2.594E+00  1.255E+00  2.306E+02  4.176E-04
 5.00E+02  3.200E-01  2.966E+00  1.423E+00  2.143E+02  4.607E-04
 6.00E+02  3.623E-01  3.760E+00  1.779E+00  1.883E+02  5.410E-04
 7.00E+02  4.038E-01  4.621E+00  2.162E+00  1.716E+02  6.136E-04
 8.00E+02  4.445E-01  5.547E+00  2.570E+00  1.581E+02  6.781E-04
 9.00E+02  4.849E-01  6.536E+00  3.004E+00  1.463E+02  7.352E-04
 1.00E+03  5.248E-01  7.590E+00  3.463E+00  1.362E+02  7.849E-04
 1.25E+03  6.231E-01  1.049E+01  4.716E+00  1.165E+02  8.807E-04
 1.50E+03  7.203E-01  1.376E+01  6.117E+00  1.032E+02  9.606E-04
 1.75E+03  8.164E-01  1.740E+01  7.662E+00  9.249E+01  1.029E-03
 2.00E+03  9.117E-01  2.139E+01  9.348E+00  8.395E+01  1.089E-03
 2.50E+03  1.101E+00  3.041E+01  1.313E+01  7.117E+01  1.190E-03
 3.00E+03  1.289E+00  4.078E+01  1.743E+01  6.203E+01  1.274E-03
 3.50E+03  1.475E+00  5.246E+01  2.225E+01  5.515E+01  1.345E-03
 4.00E+03  1.661E+00  6.542E+01  2.757E+01  4.976E+01  1.406E-03
 4.50E+03  1.845E+00  7.962E+01  3.337E+01  4.541E+01  1.461E-03
 5.00E+03  2.029E+00  9.507E+01  3.965E+01  4.183E+01  1.509E-03
 6.00E+03  2.394E+00  1.296E+02  5.361E+01  3.625E+01  1.594E-03
 7.00E+03  2.757E+00  1.687E+02  6.937E+01  3.209E+01  1.664E-03
 8.00E+03  3.118E+00  2.126E+02  8.690E+01  2.887E+01  1.726E-03
 9.00E+03  3.476E+00  2.608E+02  1.061E+02  2.628E+01  1.779E-03
 1.00E+04  3.832E+00  3.135E+02  1.270E+02  2.416E+01  1.827E-03
 1.25E+04  4.713E+00  4.638E+02  1.864E+02  2.022E+01  1.928E-03
 1.50E+04  5.580E+00  6.401E+02  2.556E+02  1.748E+01  2.010E-03
 1.75E+04  6.436E+00  8.412E+02  3.342E+02  1.545E+01  2.078E-03
 2.00E+04  7.279E+00  1.067E+03  4.218E+02  1.389E+01  2.137E-03
 2.50E+04  8.930E+00  1.588E+03  6.233E+02  1.164E+01  2.236E-03
 3.00E+04  1.054E+01  2.199E+03  8.578E+02  1.008E+01  2.318E-03
 3.50E+04  1.210E+01  2.895E+03  1.124E+03  8.942E+00  2.388E-03
 4.00E+04  1.362E+01  3.673E+03  1.420E+03  8.067E+00  2.449E-03
 4.50E+04  1.509E+01  4.530E+03  1.744E+03  7.373E+00  2.505E-03
 5.00E+04  1.653E+01  5.463E+03  2.098E+03  6.810E+00  2.556E-03
 6.00E+04  1.929E+01  7.547E+03  2.881E+03  5.949E+00  2.648E-03
 7.00E+04  2.192E+01  9.904E+03  3.763E+03  5.321E+00  2.731E-03
 8.00E+04  2.441E+01  1.253E+04  4.737E+03  4.842E+00  2.808E-03
 9.00E+04  2.677E+01  1.539E+04  5.798E+03  4.465E+00  2.880E-03
 1.00E+05  2.903E+01  1.847E+04  6.939E+03  4.161E+00  2.951E-03
 1.25E+05  3.412E+01  2.712E+04  1.012E+04  3.606E+00  3.120E-03
 1.50E+05  3.871E+01  3.698E+04  1.371E+04  3.232E+00  3.282E-03
 1.75E+05  4.282E+01  4.792E+04  1.769E+04  2.963E+00  3.443E-03
 2.00E+05  4.649E+01  5.986E+04  2.199E+04  2.762E+00  3.605E-03
 2.50E+05  5.278E+01  8.633E+04  3.150E+04  2.482E+00  3.936E-03
 3.00E+05  5.795E+01  1.159E+05  4.206E+04  2.300E+00  4.281E-03
 3.50E+05  6.225E+01  1.482E+05  5.354E+04  2.172E+00  4.644E-03
 4.00E+05  6.585E+01  1.828E+05  6.584E+04  2.079E+00  5.024E-03
 4.50E+05  6.890E+01  2.198E+05  7.889E+04  2.008E+00  5.419E-03
 5.00E+05  7.152E+01  2.589E+05  9.267E+04  1.953E+00  5.832E-03
 6.00E+05  7.573E+01  3.429E+05  1.222E+05  1.876E+00  6.700E-03
 7.00E+05  7.894E+01  4.341E+05  1.542E+05  1.824E+00  7.618E-03
 8.00E+05  8.145E+01  5.323E+05  1.885E+05  1.790E+00  8.583E-03
 9.00E+05  8.344E+01  6.370E+05  2.252E+05  1.765E+00  9.591E-03
 1.00E+06  8.504E+01  7.481E+05  2.640E+05  1.748E+00  1.064E-02
 1.25E+06  8.796E+01  1.053E+06  3.703E+05  1.724E+00  1.341E-02
 1.50E+06  8.982E+01  1.396E+06  4.896E+05  1.715E+00  1.638E-02
 1.75E+06  9.113E+01  1.776E+06  6.215E+05  1.712E+00  1.952E-02
 2.00E+06  9.205E+01  2.190E+06  7.658E+05  1.714E+00  2.279E-02
 2.50E+06  9.327E+01  3.127E+06  1.091E+06  1.722E+00  2.967E-02
 3.00E+06  9.400E+01  4.201E+06  1.463E+06  1.734E+00  3.694E-02
 3.50E+06  9.445E+01  5.413E+06  1.883E+06  1.746E+00  4.451E-02
 4.00E+06  9.478E+01  6.757E+06  2.348E+06  1.757E+00  5.234E-02
 4.50E+06  9.502E+01  8.234E+06  2.859E+06  1.768E+00  6.042E-02
 5.00E+06  9.520E+01  9.841E+06  3.414E+06  1.779E+00  6.870E-02
 6.00E+06  9.543E+01  1.341E+07  4.648E+06  1.798E+00  8.573E-02
 7.00E+06  9.557E+01  1.755E+07  6.073E+06  1.814E+00  1.034E-01
 8.00E+06  9.568E+01  2.215E+07  7.660E+06  1.829E+00  1.215E-01
 9.00E+06  9.573E+01  2.724E+07  9.414E+06  1.842E+00  1.400E-01
 1.00E+07  9.579E+01  3.282E+07  1.134E+07  1.854E+00  1.589E-01
 1.25E+07  9.587E+01  4.885E+07  1.686E+07  1.878E+00  2.073E-01
 1.50E+07  9.591E+01  6.782E+07  2.337E+07  1.898E+00  2.572E-01
 1.75E+07  9.594E+01  8.969E+07  3.088E+07  1.914E+00  3.081E-01
 2.00E+07  9.595E+01  1.144E+08  3.936E+07  1.928E+00  3.599E-01
 2.50E+07  9.599E+01  1.723E+08  5.919E+07  1.950E+00  4.652E-01
 3.00E+07  9.599E+01  2.413E+08  8.278E+07  1.968E+00  5.725E-01
 3.50E+07  9.599E+01  3.214E+08  1.101E+08  1.982E+00  6.814E-01
 4.00E+07  9.599E+01  4.126E+08  1.412E+08  1.994E+00  7.910E-01
 4.50E+07  9.599E+01  5.146E+08  1.759E+08  2.005E+00  9.018E-01
 5.00E+07  9.599E+01  6.277E+08  2.143E+08  2.014E+00  1.013E+00
 6.00E+07  9.599E+01  8.872E+08  3.022E+08  2.031E+00  1.238E+00
 7.00E+07  9.599E+01  1.191E+09  4.048E+08  2.044E+00  1.465E+00
 8.00E+07  9.599E+01  1.540E+09  5.222E+08  2.055E+00  1.694E+00
 9.00E+07  9.599E+01  1.933E+09  6.545E+08  2.065E+00  1.924E+00
 1.00E+08  9.599E+01  2.372E+09  8.016E+08  2.074E+00  2.155E+00
 1.25E+08  9.599E+01  3.668E+09  1.235E+09  2.093E+00  2.737E+00
 1.50E+08  9.599E+01  5.249E+09  1.764E+09  2.108E+00  3.323E+00
 1.75E+08  9.599E+01  7.116E+09  2.386E+09  2.121E+00  3.912E+00
 2.00E+08  9.599E+01  9.269E+09  3.104E+09  2.133E+00  4.504E+00
 2.50E+08  9.599E+01  1.443E+10  4.826E+09  2.151E+00  5.692E+00
 3.00E+08  9.599E+01  2.074E+10  6.927E+09  2.166E+00  6.885E+00
 3.50E+08  9.599E+01  2.819E+10  9.410E+09  2.179E+00  8.084E+00
 4.00E+08  9.599E+01  3.677E+10  1.227E+10  2.190E+00  9.286E+00
 4.50E+08  9.599E+01  4.651E+10  1.551E+10  2.200E+00  1.049E+01
 5.00E+08  9.599E+01  5.739E+10  1.914E+10  2.209E+00  1.170E+01
 6.00E+08  9.599E+01  8.256E+10  2.754E+10  2.224E+00  1.411E+01
 7.00E+08  9.599E+01  1.123E+11  3.745E+10  2.237E+00  1.653E+01
 8.00E+08  9.599E+01  1.466E+11  4.889E+10  2.248E+00  1.896E+01
 9.00E+08  9.599E+01  1.855E+11  6.185E+10  2.257E+00  2.139E+01
 1.00E+09  9.599E+01  2.289E+11  7.634E+10  2.266E+00  2.382E+01
P12  NUMBER OF INPUT ENERGIES=(100) FOR PHOTONS /.LT.400/
 1.000E+03  1.159E+00  1.099E-02  2.792E+03  9.023E-37
 1.250E+03  1.106E+00  1.993E-02  1.516E+03  9.023E-37
 1.500E+03  1.048E+00  2.951E-02  9.143E+02  9.023E-37
 1.750E+03  9.875E-01  3.907E-02  5.910E+02  9.023E-37
 2.000E+03  9.262E-01  4.826E-02  4.027E+02  9.023E-37
 2.500E+03  8.084E-01  6.494E-02  2.104E+02  9.023E-37
 3.000E+03  7.029E-01  7.919E-02  1.228E+02  9.023E-37
 3.500E+03  6.124E-01  9.122E-02  7.752E+01  9.023E-37
 4.000E+03  5.365E-01  1.014E-01  5.184E+01  9.023E-37
 4.500E+03  4.732E-01  1.100E-01  3.626E+01  9.023E-37
 5.000E+03  4.206E-01  1.173E-01  2.628E+01  9.023E-37
 6.000E+03  3.399E-01  1.290E-01  1.499E+01  9.023E-37
 7.000E+03  2.821E-01  1.379E-01  9.284E+00  9.023E-37
 8.000E+03  2.395E-01  1.449E-01  6.114E+00  9.023E-37
 9.000E+03  2.069E-01  1.506E-01  4.221E+00  9.023E-37
 1.000E+04  1.813E-01  1.553E-01  3.025E+00  9.023E-37
 1.250E+04  1.363E-01  1.643E-01  1.486E+00  9.023E-37
 1.500E+04  1.069E-01  1.705E-01  8.279E-01  9.023E-37
 1.750E+04  8.621E-02  1.747E-01  5.032E-01  9.023E-37
 2.000E+04  7.089E-02  1.777E-01  3.263E-01  9.023E-37
 2.500E+04  5.015E-02  1.809E-01  1.576E-01  9.023E-37
 3.000E+04  3.719E-02  1.818E-01  8.668E-02  9.023E-37
 3.500E+04  2.862E-02  1.815E-01  5.219E-02  9.023E-37
 4.000E+04  2.269E-02  1.805E-01  3.360E-02  9.023E-37
 4.500E+04  1.842E-02  1.790E-01  2.276E-02  9.023E-37
 5.000E+04  1.525E-02  1.773E-01  1.606E-02  9.023E-37
 6.000E+04  1.093E-02  1.736E-01  8.774E-03  9.023E-37
 7.000E+04  8.212E-03  1.697E-01  5.261E-03  9.023E-37
 8.000E+04  6.389E-03  1.659E-01  3.378E-03  9.023E-37
 9.000E+04  5.108E-03  1.622E-01  2.286E-03  9.023E-37
 1.000E+05  4.174E-03  1.587E-01  1.613E-03  9.023E-37
 1.250E+05  2.710E-03  1.506E-01  7.728E-04  9.023E-37
 1.500E+05  1.898E-03  1.435E-01  4.253E-04  9.023E-37
 1.750E+05  1.402E-03  1.372E-01  2.577E-04  9.023E-37
 2.000E+05  1.077E-03  1.317E-01  1.677E-04  9.023E-37
 2.500E+05  6.921E-04  1.223E-01  8.282E-05  9.023E-37
 3.000E+05  4.817E-04  1.147E-01  4.725E-05  9.023E-37
 3.500E+05  3.544E-04  1.083E-01  2.979E-05  9.023E-37
 4.000E+05  2.716E-04  1.028E-01  2.020E-05  9.023E-37
 4.500E+05  2.147E-04  9.804E-02  1.449E-05  9.023E-37
 5.000E+05  1.740E-04  9.388E-02  1.088E-05  9.023E-37
 6.000E+05  1.209E-04  8.686E-02  6.773E-06  9.023E-37
 7.000E+05  8.886E-05  8.113E-02  4.565E-06  9.023E-37
 8.000E+05  6.805E-05  7.632E-02  3.417E-06  9.023E-37
 9.000E+05  5.377E-05  7.219E-02  2.778E-06  9.023E-37
 1.000E+06  4.356E-05  6.860E-02  2.124E-06  9.023E-37
 1.022E+06  4.171E-05  6.787E-02  1.972E-06  9.023E-37
 1.250E+06  2.788E-05  6.133E-02  1.339E-06  1.521E-05
 1.500E+06  1.937E-05  5.573E-02  9.717E-07  8.434E-05
 1.750E+06  1.423E-05  5.124E-02  7.513E-07  1.970E-04
 2.000E+06  1.089E-05  4.754E-02  6.120E-07  3.360E-04
 2.044E+06  1.043E-05  4.695E-02  5.920E-07  3.622E-04
 2.500E+06  6.973E-06  4.175E-02  4.406E-07  6.481E-04
 3.000E+06  4.842E-06  3.738E-02  3.425E-07  9.747E-04
 3.500E+06  3.558E-06  3.395E-02  2.792E-07  1.300E-03
 4.000E+06  2.724E-06  3.117E-02  2.353E-07  1.614E-03
 4.500E+06  2.152E-06  2.887E-02  2.031E-07  1.914E-03
 5.000E+06  1.743E-06  2.692E-02  1.785E-07  2.201E-03
 6.000E+06  1.211E-06  2.379E-02  1.436E-07  2.738E-03
 7.000E+06  8.894E-07  2.137E-02  1.200E-07  3.222E-03
 8.000E+06  6.810E-07  1.945E-02  1.030E-07  3.663E-03
 9.000E+06  5.380E-07  1.788E-02  9.021E-08  4.066E-03
 1.000E+07  4.358E-07  1.656E-02  8.023E-08  4.434E-03
 1.100E+07  3.602E-07  1.544E-02  7.221E-08  4.771E-03
 1.200E+07  3.026E-07  1.448E-02  6.565E-08  5.082E-03
 1.300E+07  2.579E-07  1.364E-02  6.018E-08  5.373E-03
 1.400E+07  2.224E-07  1.290E-02  5.554E-08  5.644E-03
 1.500E+07  1.937E-07  1.225E-02  5.157E-08  5.896E-03
 1.600E+07  1.702E-07  1.166E-02  4.813E-08  6.138E-03
 1.800E+07  1.345E-07  1.066E-02  4.246E-08  6.576E-03
 2.000E+07  1.090E-07  9.826E-03  3.798E-08  6.971E-03
 2.200E+07  9.004E-08  9.124E-03  3.435E-08  7.334E-03
 2.400E+07  7.566E-08  8.523E-03  3.136E-08  7.662E-03
 2.600E+07  6.447E-08  8.003E-03  2.884E-08  7.964E-03
 2.800E+07  5.559E-08  7.548E-03  2.669E-08  8.243E-03
 3.000E+07  4.842E-08  7.145E-03  2.485E-08  8.503E-03
 3.500E+07  3.558E-08  6.317E-03  2.119E-08  9.078E-03
 4.000E+07  2.724E-08  5.673E-03  1.847E-08  9.570E-03
 4.500E+07  2.152E-08  5.156E-03  1.636E-08  1.000E-02
 5.000E+07  1.743E-08  4.732E-03  1.469E-08  1.038E-02
 6.000E+07  1.211E-08  4.074E-03  1.220E-08  1.103E-02
 7.000E+07  8.894E-09  3.587E-03  1.043E-08  1.156E-02
 8.000E+07  6.810E-09  3.210E-03  9.105E-09  1.202E-02
 9.000E+07  5.380E-09  2.909E-03  8.080E-09  1.240E-02
 1.000E+08  4.358E-09  2.663E-03  7.262E-09  1.275E-02
 1.250E+08  2.789E-09  2.206E-03  5.795E-09  1.344E-02
 1.500E+08  1.937E-09  1.890E-03  4.822E-09  1.397E-02
 1.750E+08  1.423E-09  1.657E-03  4.130E-09  1.440E-02
 2.000E+08  1.090E-09  1.478E-03  3.611E-09  1.475E-02
 2.500E+08  6.973E-10  1.220E-03  2.885E-09  1.529E-02
 3.000E+08  4.842E-10  1.042E-03  2.402E-09  1.570E-02
 3.500E+08  3.558E-10  9.119E-04  2.058E-09  1.602E-02
 4.000E+08  2.724E-10  8.119E-04  1.800E-09  1.627E-02
 4.500E+08  2.152E-10  7.326E-04  1.600E-09  1.648E-02
 5.000E+08  1.743E-10  6.682E-04  1.439E-09  1.665E-02
 6.000E+08  1.211E-10  5.695E-04  1.199E-09  1.694E-02
 7.000E+08  8.894E-11  4.973E-04  1.027E-09  1.715E-02
 8.000E+08  6.810E-11  4.421E-04  8.986E-10  1.732E-02
 9.000E+08  5.380E-11  3.984E-04  7.987E-10  1.746E-02
 1.000E+09  4.358E-11  3.630E-04  7.188E-10  1.757E-02
