P1   MATERIAL:(Lung ICRU 44                              -DBASE)
P2   MASS DENSITY=( 2.6000E-01) g/cm**3
P3   NUMBER OF ELEMENTS IN THE MOLECULE=( 9) /.LE.15/
P4+  ATOMIC NUMBER=( 1),ATOMS/MOLECULE=( 6.373330E+01)
P4+  ATOMIC NUMBER=( 6),ATOMS/MOLECULE=( 5.452000E+00)
P4+  ATOMIC NUMBER=( 7),ATOMS/MOLECULE=( 1.380400E+00)
P4+  ATOMIC NUMBER=( 8),ATOMS/MOLECULE=( 2.919680E+01)
P4+  ATOMIC NUMBER=(11),ATOMS/MOLECULE=( 5.430000E-02)
P4+  ATOMIC NUMBER=(15),ATOMS/MOLECULE=( 4.030000E-02)
P4+  ATOMIC NUMBER=(16),ATOMS/MOLECULE=( 5.840000E-02)
P4+  ATOMIC NUMBER=(17),ATOMS/MOLECULE=( 5.280000E-02)
P4+  ATOMIC NUMBER=(19),ATOMS/MOLECULE=( 3.190000E-02)
P5   MEAN EXCITATION ENERGY=(   75.30) eV
P6   NUMBER OF OSCILLATORS=(29) /.LE.30/
P7+  ( 3.190000E-02, 4.000000E+00, 2.460E+00, 0) OSCILLATOR DATA
P7+  ( 5.430000E-02, 5.000000E+00, 2.070E+00, 0) OSCILLATOR DATA
P7+  ( 3.545000E-01, 1.000000E+01, 5.783E-01, 0) OSCILLATOR DATA
P7+  ( 2.180800E+01, 1.100000E+01, 6.460E-01, 0) OSCILLATOR DATA
P7+  ( 2.640000E-01, 1.300000E+01, 4.900E-01, 0) OSCILLATOR DATA
P7+  ( 1.846617E+02, 1.400000E+01, 5.235E-01, 0) OSCILLATOR DATA
P7+  ( 2.760800E+00, 1.500000E+01, 6.720E-01, 0) OSCILLATOR DATA
P7+  ( 1.974000E-01, 1.600000E+01, 8.361E-01, 0) OSCILLATOR DATA
P7+  ( 2.970000E-01, 1.800000E+01, 4.958E-01, 0) OSCILLATOR DATA
P7+  ( 5.839360E+01, 2.400000E+01, 5.790E-01, 0) OSCILLATOR DATA
P7+  ( 3.258000E-01, 3.100000E+01, 2.250E-01, 0) OSCILLATOR DATA
P7+  ( 6.380000E-02, 3.500000E+01, 5.700E-01, 0) OSCILLATOR DATA
P7+  ( 1.086000E-01, 6.300000E+01, 3.900E-01, 0) OSCILLATOR DATA
P7+  ( 2.418000E-01, 1.353325E+02, 1.340E-01, 0) OSCILLATOR DATA
P7+  ( 3.504000E-01, 1.643327E+02, 1.220E-01, 0) OSCILLATOR DATA
P7+  ( 8.060000E-02, 1.890000E+02, 2.510E-01, 0) OSCILLATOR DATA
P7+  ( 3.168000E-01, 2.006645E+02, 1.120E-01, 0) OSCILLATOR DATA
P7+  ( 1.168000E-01, 2.290000E+02, 2.300E-01, 0) OSCILLATOR DATA
P7+  ( 1.056000E-01, 2.700000E+02, 2.130E-01, 0) OSCILLATOR DATA
P7+  ( 1.090400E+01, 2.850000E+02, 1.530E-01, 0) OSCILLATOR DATA
P7+  ( 1.914000E-01, 2.956652E+02, 9.650E-02, 0) OSCILLATOR DATA
P7+  ( 6.380000E-02, 3.790000E+02, 1.850E-01, 0) OSCILLATOR DATA
P7+  ( 2.760800E+00, 4.100000E+02, 1.300E-01, 7) OSCILLATOR DATA
P7+  ( 5.839360E+01, 5.430000E+02, 1.130E-01, 8) OSCILLATOR DATA
P7+  ( 1.086000E-01, 1.072000E+03, 8.150E-02,11) OSCILLATOR DATA
P7+  ( 8.060000E-02, 2.149000E+03, 5.920E-02,15) OSCILLATOR DATA
P7+  ( 1.168000E-01, 2.472000E+03, 5.530E-02,16) OSCILLATOR DATA
P7+  ( 1.056000E-01, 2.823000E+03, 5.200E-02,17) OSCILLATOR DATA
P7+  ( 6.380000E-02, 3.608000E+03, 4.640E-02,19) OSCILLATOR DATA
P8   NUMBER OF INPUT ENERGIES=(106) FOR ELECTRONS /.LT.180/
 1.00E+02  9.368E-02  1.732E-01  1.825E-01  4.185E+02  6.241E-04
 1.25E+02  1.106E-01  2.272E-01  2.208E-01  3.935E+02  7.393E-04
 1.50E+02  1.264E-01  2.862E-01  2.586E-01  3.684E+02  8.492E-04
 1.75E+02  1.412E-01  3.500E-01  2.968E-01  3.448E+02  9.537E-04
 2.00E+02  1.552E-01  4.185E-01  3.359E-01  3.236E+02  1.055E-03
 2.50E+02  1.818E-01  5.687E-01  4.182E-01  2.883E+02  1.244E-03
 3.00E+02  2.069E-01  7.360E-01  5.063E-01  2.603E+02  1.419E-03
 3.50E+02  2.309E-01  9.198E-01  6.005E-01  2.377E+02  1.582E-03
 4.00E+02  2.542E-01  1.119E+00  7.010E-01  2.192E+02  1.732E-03
 4.50E+02  2.769E-01  1.335E+00  8.077E-01  2.036E+02  1.871E-03
 5.00E+02  2.992E-01  1.566E+00  9.205E-01  1.903E+02  1.999E-03
 6.00E+02  3.429E-01  2.074E+00  1.164E+00  1.688E+02  2.224E-03
 7.00E+02  3.858E-01  2.641E+00  1.432E+00  1.527E+02  2.413E-03
 8.00E+02  4.282E-01  3.265E+00  1.723E+00  1.396E+02  2.570E-03
 9.00E+02  4.701E-01  3.947E+00  2.036E+00  1.287E+02  2.699E-03
 1.00E+03  5.117E-01  4.685E+00  2.372E+00  1.197E+02  2.803E-03
 1.25E+03  6.150E-01  6.769E+00  3.310E+00  1.025E+02  2.973E-03
 1.50E+03  7.173E-01  9.187E+00  4.380E+00  9.164E+01  3.099E-03
 1.75E+03  8.192E-01  1.193E+01  5.579E+00  8.243E+01  3.198E-03
 2.00E+03  9.205E-01  1.499E+01  6.905E+00  7.499E+01  3.278E-03
 2.50E+03  1.123E+00  2.204E+01  9.921E+00  6.377E+01  3.398E-03
 3.00E+03  1.323E+00  3.028E+01  1.341E+01  5.590E+01  3.488E-03
 3.50E+03  1.523E+00  3.969E+01  1.736E+01  4.989E+01  3.554E-03
 4.00E+03  1.723E+00  5.025E+01  2.176E+01  4.516E+01  3.606E-03
 4.50E+03  1.922E+00  6.191E+01  2.659E+01  4.133E+01  3.648E-03
 5.00E+03  2.120E+00  7.465E+01  3.184E+01  3.816E+01  3.681E-03
 6.00E+03  2.515E+00  1.034E+02  4.359E+01  3.321E+01  3.733E-03
 7.00E+03  2.906E+00  1.363E+02  5.694E+01  2.950E+01  3.770E-03
 8.00E+03  3.296E+00  1.732E+02  7.186E+01  2.661E+01  3.799E-03
 9.00E+03  3.684E+00  2.140E+02  8.829E+01  2.429E+01  3.820E-03
 1.00E+04  4.069E+00  2.587E+02  1.062E+02  2.239E+01  3.837E-03
 1.25E+04  5.023E+00  3.871E+02  1.573E+02  1.882E+01  3.865E-03
 1.50E+04  5.962E+00  5.381E+02  2.169E+02  1.633E+01  3.883E-03
 1.75E+04  6.888E+00  7.110E+02  2.850E+02  1.449E+01  3.894E-03
 2.00E+04  7.801E+00  9.052E+02  3.608E+02  1.306E+01  3.903E-03
 2.50E+04  9.591E+00  1.354E+03  5.354E+02  1.100E+01  3.915E-03
 3.00E+04  1.133E+01  1.882E+03  7.390E+02  9.571E+00  3.925E-03
 3.50E+04  1.302E+01  2.483E+03  9.700E+02  8.518E+00  3.937E-03
 4.00E+04  1.467E+01  3.156E+03  1.227E+03  7.710E+00  3.949E-03
 4.50E+04  1.627E+01  3.898E+03  1.510E+03  7.068E+00  3.961E-03
 5.00E+04  1.783E+01  4.704E+03  1.816E+03  6.546E+00  3.976E-03
 6.00E+04  2.083E+01  6.506E+03  2.496E+03  5.746E+00  4.007E-03
 7.00E+04  2.367E+01  8.545E+03  3.262E+03  5.162E+00  4.043E-03
 8.00E+04  2.637E+01  1.080E+04  4.106E+03  4.716E+00  4.082E-03
 9.00E+04  2.893E+01  1.328E+04  5.026E+03  4.364E+00  4.125E-03
 1.00E+05  3.138E+01  1.594E+04  6.015E+03  4.079E+00  4.171E-03
 1.25E+05  3.709E+01  2.351E+04  8.808E+03  3.560E+00  4.297E-03
 1.50E+05  4.207E+01  3.203E+04  1.193E+04  3.209E+00  4.434E-03
 1.75E+05  4.652E+01  4.148E+04  1.538E+04  2.958E+00  4.581E-03
 2.00E+05  5.051E+01  5.177E+04  1.910E+04  2.769E+00  4.738E-03
 2.50E+05  5.734E+01  7.457E+04  2.734E+04  2.506E+00  5.073E-03
 3.00E+05  6.294E+01  1.000E+05  3.646E+04  2.334E+00  5.440E-03
 3.50E+05  6.761E+01  1.277E+05  4.638E+04  2.215E+00  5.836E-03
 4.00E+05  7.152E+01  1.576E+05  5.700E+04  2.129E+00  6.257E-03
 4.50E+05  7.484E+01  1.893E+05  6.828E+04  2.065E+00  6.699E-03
 5.00E+05  7.766E+01  2.230E+05  8.016E+04  2.016E+00  7.162E-03
 6.00E+05  8.224E+01  2.950E+05  1.057E+05  1.949E+00  8.147E-03
 7.00E+05  8.572E+01  3.734E+05  1.333E+05  1.908E+00  9.190E-03
 8.00E+05  8.845E+01  4.577E+05  1.629E+05  1.882E+00  1.029E-02
 9.00E+05  9.059E+01  5.477E+05  1.945E+05  1.866E+00  1.144E-02
 1.00E+06  9.235E+01  6.431E+05  2.281E+05  1.856E+00  1.263E-02
 1.25E+06  9.550E+01  9.052E+05  3.199E+05  1.849E+00  1.579E-02
 1.50E+06  9.753E+01  1.200E+06  4.229E+05  1.854E+00  1.917E-02
 1.75E+06  9.894E+01  1.526E+06  5.368E+05  1.861E+00  2.273E-02
 2.00E+06  9.995E+01  1.883E+06  6.614E+05  1.870E+00  2.643E-02
 2.50E+06  1.013E+02  2.688E+06  9.424E+05  1.887E+00  3.423E-02
 3.00E+06  1.021E+02  3.615E+06  1.264E+06  1.904E+00  4.242E-02
 3.50E+06  1.026E+02  4.657E+06  1.627E+06  1.920E+00  5.097E-02
 4.00E+06  1.029E+02  5.815E+06  2.030E+06  1.934E+00  5.979E-02
 4.50E+06  1.032E+02  7.088E+06  2.471E+06  1.947E+00  6.887E-02
 5.00E+06  1.034E+02  8.473E+06  2.952E+06  1.959E+00  7.816E-02
 6.00E+06  1.036E+02  1.158E+07  4.027E+06  1.980E+00  9.727E-02
 7.00E+06  1.038E+02  1.511E+07  5.253E+06  1.998E+00  1.170E-01
 8.00E+06  1.039E+02  1.908E+07  6.627E+06  2.014E+00  1.373E-01
 9.00E+06  1.039E+02  2.347E+07  8.147E+06  2.028E+00  1.580E-01
 1.00E+07  1.040E+02  2.830E+07  9.809E+06  2.041E+00  1.791E-01
 1.25E+07  1.041E+02  4.214E+07  1.459E+07  2.067E+00  2.332E-01
 1.50E+07  1.041E+02  5.852E+07  2.025E+07  2.089E+00  2.889E-01
 1.75E+07  1.042E+02  7.742E+07  2.675E+07  2.108E+00  3.457E-01
 2.00E+07  1.042E+02  9.880E+07  3.410E+07  2.123E+00  4.035E-01
 2.50E+07  1.042E+02  1.488E+08  5.130E+07  2.149E+00  5.209E-01
 3.00E+07  1.042E+02  2.086E+08  7.179E+07  2.170E+00  6.406E-01
 3.50E+07  1.042E+02  2.781E+08  9.555E+07  2.188E+00  7.619E-01
 4.00E+07  1.042E+02  3.571E+08  1.225E+08  2.202E+00  8.844E-01
 4.50E+07  1.042E+02  4.457E+08  1.527E+08  2.215E+00  1.008E+00
 5.00E+07  1.042E+02  5.440E+08  1.862E+08  2.226E+00  1.132E+00
 6.00E+07  1.042E+02  7.697E+08  2.628E+08  2.245E+00  1.383E+00
 7.00E+07  1.042E+02  1.034E+09  3.522E+08  2.261E+00  1.636E+00
 8.00E+07  1.042E+02  1.339E+09  4.548E+08  2.274E+00  1.890E+00
 9.00E+07  1.042E+02  1.683E+09  5.704E+08  2.285E+00  2.146E+00
 1.00E+08  1.042E+02  2.067E+09  6.992E+08  2.295E+00  2.403E+00
 1.25E+08  1.042E+02  3.204E+09  1.079E+09  2.316E+00  3.051E+00
 1.50E+08  1.042E+02  4.593E+09  1.543E+09  2.332E+00  3.703E+00
 1.75E+08  1.042E+02  6.234E+09  2.091E+09  2.346E+00  4.357E+00
 2.00E+08  1.042E+02  8.129E+09  2.723E+09  2.357E+00  5.016E+00
 2.50E+08  1.042E+02  1.268E+10  4.238E+09  2.377E+00  6.336E+00
 3.00E+08  1.042E+02  1.824E+10  6.091E+09  2.393E+00  7.664E+00
 3.50E+08  1.042E+02  2.480E+10  8.280E+09  2.406E+00  8.996E+00
 4.00E+08  1.042E+02  3.238E+10  1.081E+10  2.417E+00  1.033E+01
 4.50E+08  1.042E+02  4.097E+10  1.367E+10  2.427E+00  1.167E+01
 5.00E+08  1.042E+02  5.057E+10  1.687E+10  2.436E+00  1.301E+01
 6.00E+08  1.042E+02  7.280E+10  2.429E+10  2.452E+00  1.569E+01
 7.00E+08  1.042E+02  9.907E+10  3.304E+10  2.465E+00  1.838E+01
 8.00E+08  1.042E+02  1.294E+11  4.315E+10  2.476E+00  2.108E+01
 9.00E+08  1.042E+02  1.638E+11  5.460E+10  2.486E+00  2.377E+01
 1.00E+09  1.042E+02  2.021E+11  6.740E+10  2.495E+00  2.647E+01
P10  NUMBER OF INPUT ENERGIES=(106) FOR POSITRONS /.LT.180/
 1.00E+02  1.619E-01  5.613E-01  3.163E-01  5.436E+02  8.055E-05
 1.25E+02  1.802E-01  6.901E-01  3.812E-01  5.024E+02  1.037E-04
 1.50E+02  1.974E-01  8.221E-01  4.470E-01  4.635E+02  1.274E-04
 1.75E+02  2.136E-01  9.578E-01  5.139E-01  4.293E+02  1.513E-04
 2.00E+02  2.292E-01  1.097E+00  5.819E-01  3.996E+02  1.756E-04
 2.50E+02  2.588E-01  1.387E+00  7.217E-01  3.514E+02  2.241E-04
 3.00E+02  2.869E-01  1.692E+00  8.667E-01  3.143E+02  2.725E-04
 3.50E+02  3.138E-01  2.012E+00  1.017E+00  2.848E+02  3.200E-04
 4.00E+02  3.399E-01  2.348E+00  1.174E+00  2.609E+02  3.665E-04
 4.50E+02  3.654E-01  2.698E+00  1.336E+00  2.411E+02  4.115E-04
 5.00E+02  3.902E-01  3.063E+00  1.503E+00  2.243E+02  4.550E-04
 6.00E+02  4.386E-01  3.839E+00  1.855E+00  1.975E+02  5.367E-04
 7.00E+02  4.857E-01  4.672E+00  2.229E+00  1.776E+02  6.110E-04
 8.00E+02  5.318E-01  5.563E+00  2.626E+00  1.616E+02  6.778E-04
 9.00E+02  5.771E-01  6.509E+00  3.046E+00  1.485E+02  7.374E-04
 1.00E+03  6.219E-01  7.512E+00  3.487E+00  1.376E+02  7.898E-04
 1.25E+03  7.315E-01  1.026E+01  4.683E+00  1.171E+02  8.929E-04
 1.50E+03  8.391E-01  1.333E+01  6.009E+00  1.044E+02  9.801E-04
 1.75E+03  9.454E-01  1.673E+01  7.463E+00  9.372E+01  1.056E-03
 2.00E+03  1.050E+00  2.044E+01  9.042E+00  8.514E+01  1.122E-03
 2.50E+03  1.258E+00  2.879E+01  1.256E+01  7.225E+01  1.235E-03
 3.00E+03  1.464E+00  3.834E+01  1.655E+01  6.300E+01  1.330E-03
 3.50E+03  1.667E+00  4.905E+01  2.100E+01  5.603E+01  1.410E-03
 4.00E+03  1.870E+00  6.090E+01  2.589E+01  5.056E+01  1.480E-03
 4.50E+03  2.071E+00  7.386E+01  3.120E+01  4.615E+01  1.543E-03
 5.00E+03  2.271E+00  8.792E+01  3.695E+01  4.251E+01  1.598E-03
 6.00E+03  2.670E+00  1.192E+02  4.969E+01  3.685E+01  1.695E-03
 7.00E+03  3.065E+00  1.548E+02  6.403E+01  3.263E+01  1.777E-03
 8.00E+03  3.457E+00  1.944E+02  7.995E+01  2.936E+01  1.849E-03
 9.00E+03  3.846E+00  2.380E+02  9.738E+01  2.673E+01  1.911E-03
 1.00E+04  4.233E+00  2.855E+02  1.163E+02  2.458E+01  1.967E-03
 1.25E+04  5.190E+00  4.208E+02  1.700E+02  2.057E+01  2.084E-03
 1.50E+04  6.133E+00  5.792E+02  2.324E+02  1.778E+01  2.180E-03
 1.75E+04  7.062E+00  7.597E+02  3.031E+02  1.572E+01  2.260E-03
 2.00E+04  7.978E+00  9.618E+02  3.820E+02  1.414E+01  2.329E-03
 2.50E+04  9.770E+00  1.429E+03  5.629E+02  1.185E+01  2.444E-03
 3.00E+04  1.151E+01  1.975E+03  7.733E+02  1.026E+01  2.538E-03
 3.50E+04  1.321E+01  2.598E+03  1.012E+03  9.102E+00  2.621E-03
 4.00E+04  1.485E+01  3.292E+03  1.277E+03  8.212E+00  2.693E-03
 4.50E+04  1.646E+01  4.058E+03  1.568E+03  7.506E+00  2.757E-03
 5.00E+04  1.802E+01  4.891E+03  1.884E+03  6.933E+00  2.817E-03
 6.00E+04  2.102E+01  6.750E+03  2.583E+03  6.057E+00  2.923E-03
 7.00E+04  2.386E+01  8.853E+03  3.372E+03  5.418E+00  3.020E-03
 8.00E+04  2.658E+01  1.119E+04  4.243E+03  4.931E+00  3.109E-03
 9.00E+04  2.914E+01  1.374E+04  5.190E+03  4.547E+00  3.194E-03
 1.00E+05  3.158E+01  1.649E+04  6.208E+03  4.237E+00  3.275E-03
 1.25E+05  3.709E+01  2.420E+04  9.050E+03  3.672E+00  3.471E-03
 1.50E+05  4.207E+01  3.298E+04  1.226E+04  3.291E+00  3.657E-03
 1.75E+05  4.652E+01  4.273E+04  1.580E+04  3.018E+00  3.842E-03
 2.00E+05  5.051E+01  5.335E+04  1.964E+04  2.813E+00  4.027E-03
 2.50E+05  5.734E+01  7.690E+04  2.810E+04  2.528E+00  4.402E-03
 3.00E+05  6.294E+01  1.032E+05  3.750E+04  2.342E+00  4.793E-03
 3.50E+05  6.761E+01  1.319E+05  4.772E+04  2.213E+00  5.203E-03
 4.00E+05  7.152E+01  1.627E+05  5.867E+04  2.120E+00  5.632E-03
 4.50E+05  7.484E+01  1.956E+05  7.027E+04  2.050E+00  6.077E-03
 5.00E+05  7.766E+01  2.303E+05  8.252E+04  1.997E+00  6.539E-03
 6.00E+05  8.224E+01  3.049E+05  1.088E+05  1.923E+00  7.518E-03
 7.00E+05  8.572E+01  3.860E+05  1.372E+05  1.877E+00  8.549E-03
 8.00E+05  8.845E+01  4.731E+05  1.677E+05  1.848E+00  9.632E-03
 9.00E+05  9.059E+01  5.661E+05  2.002E+05  1.829E+00  1.077E-02
 1.00E+06  9.235E+01  6.646E+05  2.346E+05  1.818E+00  1.194E-02
 1.25E+06  9.550E+01  9.351E+05  3.290E+05  1.807E+00  1.505E-02
 1.50E+06  9.753E+01  1.239E+06  4.348E+05  1.809E+00  1.839E-02
 1.75E+06  9.894E+01  1.575E+06  5.516E+05  1.815E+00  2.190E-02
 2.00E+06  9.995E+01  1.943E+06  6.795E+05  1.823E+00  2.557E-02
 2.50E+06  1.013E+02  2.772E+06  9.674E+05  1.839E+00  3.329E-02
 3.00E+06  1.021E+02  3.723E+06  1.297E+06  1.855E+00  4.142E-02
 3.50E+06  1.026E+02  4.795E+06  1.668E+06  1.870E+00  4.992E-02
 4.00E+06  1.029E+02  5.984E+06  2.080E+06  1.883E+00  5.870E-02
 4.50E+06  1.032E+02  7.290E+06  2.532E+06  1.896E+00  6.775E-02
 5.00E+06  1.034E+02  8.711E+06  3.023E+06  1.907E+00  7.701E-02
 6.00E+06  1.036E+02  1.187E+07  4.113E+06  1.928E+00  9.608E-02
 7.00E+06  1.038E+02  1.552E+07  5.374E+06  1.945E+00  1.158E-01
 8.00E+06  1.039E+02  1.959E+07  6.776E+06  1.961E+00  1.361E-01
 9.00E+06  1.039E+02  2.409E+07  8.326E+06  1.975E+00  1.568E-01
 1.00E+07  1.040E+02  2.901E+07  1.002E+07  1.987E+00  1.779E-01
 1.25E+07  1.041E+02  4.318E+07  1.490E+07  2.014E+00  2.321E-01
 1.50E+07  1.041E+02  5.994E+07  2.066E+07  2.035E+00  2.878E-01
 1.75E+07  1.042E+02  7.923E+07  2.729E+07  2.053E+00  3.447E-01
 2.00E+07  1.042E+02  1.010E+08  3.477E+07  2.069E+00  4.026E-01
 2.50E+07  1.042E+02  1.521E+08  5.227E+07  2.095E+00  5.202E-01
 3.00E+07  1.042E+02  2.131E+08  7.311E+07  2.116E+00  6.399E-01
 3.50E+07  1.042E+02  2.838E+08  9.724E+07  2.133E+00  7.614E-01
 4.00E+07  1.042E+02  3.643E+08  1.246E+08  2.147E+00  8.839E-01
 4.50E+07  1.042E+02  4.544E+08  1.553E+08  2.160E+00  1.007E+00
 5.00E+07  1.042E+02  5.544E+08  1.892E+08  2.171E+00  1.132E+00
 6.00E+07  1.042E+02  7.835E+08  2.668E+08  2.190E+00  1.382E+00
 7.00E+07  1.042E+02  1.052E+09  3.575E+08  2.206E+00  1.635E+00
 8.00E+07  1.042E+02  1.360E+09  4.612E+08  2.219E+00  1.890E+00
 9.00E+07  1.042E+02  1.708E+09  5.781E+08  2.230E+00  2.146E+00
 1.00E+08  1.042E+02  2.096E+09  7.082E+08  2.240E+00  2.403E+00
 1.25E+08  1.042E+02  3.242E+09  1.092E+09  2.260E+00  3.051E+00
 1.50E+08  1.042E+02  4.641E+09  1.559E+09  2.277E+00  3.703E+00
 1.75E+08  1.042E+02  6.291E+09  2.109E+09  2.290E+00  4.357E+00
 2.00E+08  1.042E+02  8.195E+09  2.743E+09  2.302E+00  5.016E+00
 2.50E+08  1.042E+02  1.276E+10  4.266E+09  2.321E+00  6.336E+00
 3.00E+08  1.042E+02  1.834E+10  6.124E+09  2.337E+00  7.664E+00
 3.50E+08  1.042E+02  2.493E+10  8.319E+09  2.350E+00  8.996E+00
 4.00E+08  1.042E+02  3.251E+10  1.085E+10  2.362E+00  1.033E+01
 4.50E+08  1.042E+02  4.112E+10  1.372E+10  2.372E+00  1.167E+01
 5.00E+08  1.042E+02  5.073E+10  1.692E+10  2.381E+00  1.301E+01
 6.00E+08  1.042E+02  7.299E+10  2.435E+10  2.396E+00  1.569E+01
 7.00E+08  1.042E+02  9.930E+10  3.311E+10  2.409E+00  1.838E+01
 8.00E+08  1.042E+02  1.296E+11  4.322E+10  2.421E+00  2.108E+01
 9.00E+08  1.042E+02  1.640E+11  5.468E+10  2.431E+00  2.377E+01
 1.00E+09  1.042E+02  2.024E+11  6.748E+10  2.440E+00  2.647E+01
P12  NUMBER OF INPUT ENERGIES=(111) FOR PHOTONS /.LT.400/
 1.000E+03  1.350E+00  1.060E-02  3.801E+03  1.012E-36
 1.035E+03  1.344E+00  1.172E-02  3.464E+03  1.012E-36
 1.072E+03  1.337E+00  1.292E-02  3.156E+03  1.012E-36
 1.072E+03  1.337E+00  1.292E-02  3.167E+03  1.012E-36
 1.250E+03  1.301E+00  1.904E-02  2.102E+03  1.012E-36
 1.500E+03  1.245E+00  2.818E-02  1.282E+03  1.012E-36
 1.750E+03  1.185E+00  3.744E-02  8.359E+02  1.012E-36
 2.000E+03  1.123E+00  4.648E-02  5.735E+02  1.012E-36
 2.146E+03  1.086E+00  5.156E-02  4.691E+02  1.012E-36
 2.146E+03  1.086E+00  5.156E-02  4.735E+02  1.012E-36
 2.472E+03  1.005E+00  6.239E-02  3.159E+02  1.012E-36
 2.472E+03  1.005E+00  6.239E-02  3.215E+02  1.012E-36
 2.500E+03  9.983E-01  6.328E-02  3.114E+02  1.012E-36
 2.822E+03  9.212E-01  7.301E-02  2.193E+02  1.012E-36
 2.822E+03  9.212E-01  7.301E-02  2.237E+02  1.012E-36
 3.000E+03  8.807E-01  7.799E-02  1.878E+02  1.012E-36
 3.500E+03  7.752E-01  9.062E-02  1.197E+02  1.012E-36
 3.607E+03  7.543E-01  9.308E-02  1.095E+02  1.012E-36
 3.607E+03  7.543E-01  9.308E-02  1.116E+02  1.012E-36
 4.000E+03  6.833E-01  1.014E-01  8.228E+01  1.012E-36
 4.500E+03  6.048E-01  1.105E-01  5.799E+01  1.012E-36
 5.000E+03  5.382E-01  1.183E-01  4.232E+01  1.012E-36
 6.000E+03  4.339E-01  1.308E-01  2.441E+01  1.012E-36
 7.000E+03  3.582E-01  1.402E-01  1.527E+01  1.012E-36
 8.000E+03  3.020E-01  1.474E-01  1.014E+01  1.012E-36
 9.000E+03  2.592E-01  1.531E-01  7.046E+00  1.012E-36
 1.000E+04  2.257E-01  1.578E-01  5.081E+00  1.012E-36
 1.250E+04  1.678E-01  1.665E-01  2.527E+00  1.012E-36
 1.500E+04  1.310E-01  1.725E-01  1.421E+00  1.012E-36
 1.750E+04  1.055E-01  1.767E-01  8.710E-01  1.012E-36
 2.000E+04  8.696E-02  1.796E-01  5.686E-01  1.012E-36
 2.500E+04  6.189E-02  1.830E-01  2.775E-01  1.012E-36
 3.000E+04  4.612E-02  1.842E-01  1.539E-01  1.012E-36
 3.500E+04  3.562E-02  1.841E-01  9.325E-02  1.012E-36
 4.000E+04  2.830E-02  1.832E-01  6.035E-02  1.012E-36
 4.500E+04  2.301E-02  1.819E-01  4.108E-02  1.012E-36
 5.000E+04  1.908E-02  1.803E-01  2.910E-02  1.012E-36
 6.000E+04  1.372E-02  1.766E-01  1.600E-02  1.012E-36
 7.000E+04  1.033E-02  1.728E-01  9.644E-03  1.012E-36
 8.000E+04  8.055E-03  1.690E-01  6.220E-03  1.012E-36
 9.000E+04  6.451E-03  1.653E-01  4.225E-03  1.012E-36
 1.000E+05  5.280E-03  1.617E-01  2.990E-03  1.012E-36
 1.250E+05  3.438E-03  1.535E-01  1.441E-03  1.012E-36
 1.500E+05  2.411E-03  1.463E-01  7.964E-04  1.012E-36
 1.750E+05  1.783E-03  1.400E-01  4.842E-04  1.012E-36
 2.000E+05  1.371E-03  1.343E-01  3.160E-04  1.012E-36
 2.500E+05  8.820E-04  1.248E-01  1.568E-04  1.012E-36
 3.000E+05  6.143E-04  1.170E-01  8.971E-05  1.012E-36
 3.500E+05  4.521E-04  1.105E-01  5.669E-05  1.012E-36
 4.000E+05  3.465E-04  1.049E-01  3.851E-05  1.012E-36
 4.500E+05  2.740E-04  1.001E-01  2.766E-05  1.012E-36
 5.000E+05  2.221E-04  9.580E-02  2.079E-05  1.012E-36
 6.000E+05  1.543E-04  8.864E-02  1.296E-05  1.012E-36
 7.000E+05  1.134E-04  8.278E-02  8.775E-06  1.012E-36
 8.000E+05  8.688E-05  7.789E-02  6.547E-06  1.012E-36
 9.000E+05  6.866E-05  7.368E-02  5.271E-06  1.012E-36
 1.000E+06  5.562E-05  7.002E-02  4.070E-06  1.012E-36
 1.022E+06  5.326E-05  6.927E-02  3.802E-06  1.012E-36
 1.250E+06  3.561E-05  6.260E-02  2.580E-06  1.753E-05
 1.500E+06  2.473E-05  5.688E-02  1.871E-06  9.689E-05
 1.750E+06  1.817E-05  5.230E-02  1.445E-06  2.261E-04
 2.000E+06  1.391E-05  4.852E-02  1.174E-06  3.855E-04
 2.044E+06  1.332E-05  4.792E-02  1.136E-06  4.155E-04
 2.500E+06  8.905E-06  4.261E-02  8.435E-07  7.425E-04
 3.000E+06  6.184E-06  3.815E-02  6.543E-07  1.115E-03
 3.500E+06  4.543E-06  3.465E-02  5.327E-07  1.485E-03
 4.000E+06  3.479E-06  3.182E-02  4.483E-07  1.842E-03
 4.500E+06  2.748E-06  2.946E-02  3.865E-07  2.182E-03
 5.000E+06  2.226E-06  2.747E-02  3.395E-07  2.506E-03
 6.000E+06  1.546E-06  2.428E-02  2.727E-07  3.113E-03
 7.000E+06  1.136E-06  2.182E-02  2.277E-07  3.660E-03
 8.000E+06  8.696E-07  1.985E-02  1.953E-07  4.155E-03
 9.000E+06  6.871E-07  1.825E-02  1.709E-07  4.610E-03
 1.000E+07  5.566E-07  1.690E-02  1.519E-07  5.023E-03
 1.100E+07  4.600E-07  1.576E-02  1.367E-07  5.402E-03
 1.200E+07  3.865E-07  1.478E-02  1.242E-07  5.751E-03
 1.300E+07  3.293E-07  1.392E-02  1.138E-07  6.078E-03
 1.400E+07  2.840E-07  1.317E-02  1.050E-07  6.381E-03
 1.500E+07  2.474E-07  1.250E-02  9.749E-08  6.666E-03
 1.600E+07  2.174E-07  1.190E-02  9.097E-08  6.935E-03
 1.800E+07  1.718E-07  1.088E-02  8.022E-08  7.428E-03
 2.000E+07  1.391E-07  1.003E-02  7.173E-08  7.870E-03
 2.200E+07  1.150E-07  9.312E-03  6.488E-08  8.274E-03
 2.400E+07  9.663E-08  8.699E-03  5.920E-08  8.642E-03
 2.600E+07  8.233E-08  8.168E-03  5.444E-08  8.979E-03
 2.800E+07  7.099E-08  7.703E-03  5.038E-08  9.292E-03
 3.000E+07  6.184E-08  7.293E-03  4.690E-08  9.582E-03
 3.500E+07  4.543E-08  6.447E-03  3.999E-08  1.022E-02
 4.000E+07  3.479E-08  5.790E-03  3.483E-08  1.077E-02
 4.500E+07  2.748E-08  5.262E-03  3.086E-08  1.125E-02
 5.000E+07  2.226E-08  4.829E-03  2.770E-08  1.168E-02
 6.000E+07  1.546E-08  4.158E-03  2.300E-08  1.240E-02
 7.000E+07  1.136E-08  3.661E-03  1.966E-08  1.300E-02
 8.000E+07  8.696E-09  3.276E-03  1.716E-08  1.350E-02
 9.000E+07  6.871E-09  2.969E-03  1.523E-08  1.394E-02
 1.000E+08  5.566E-09  2.718E-03  1.369E-08  1.431E-02
 1.250E+08  3.562E-09  2.252E-03  1.092E-08  1.508E-02
 1.500E+08  2.474E-09  1.929E-03  9.087E-09  1.567E-02
 1.750E+08  1.817E-09  1.691E-03  7.782E-09  1.614E-02
 2.000E+08  1.391E-09  1.509E-03  6.804E-09  1.652E-02
 2.500E+08  8.905E-10  1.245E-03  5.435E-09  1.712E-02
 3.000E+08  6.184E-10  1.064E-03  4.525E-09  1.756E-02
 3.500E+08  4.543E-10  9.307E-04  3.877E-09  1.790E-02
 4.000E+08  3.479E-10  8.286E-04  3.391E-09  1.818E-02
 4.500E+08  2.748E-10  7.477E-04  3.014E-09  1.840E-02
 5.000E+08  2.226E-10  6.819E-04  2.711E-09  1.859E-02
 6.000E+08  1.546E-10  5.812E-04  2.259E-09  1.889E-02
 7.000E+08  1.136E-10  5.076E-04  1.935E-09  1.912E-02
 8.000E+08  8.696E-11  4.512E-04  1.693E-09  1.930E-02
 9.000E+08  6.871E-11  4.067E-04  1.505E-09  1.944E-02
 1.000E+09  5.566E-11  3.705E-04  1.354E-09  1.957E-02
