P1   MATERIAL:(Lung (ICRP)                               -DBASE)
P2   MASS DENSITY=( 3.0000E-01) g/cm**3
P3   NUMBER OF ELEMENTS IN THE MOLECULE=(13) /.LE.15/
P4+  ATOMIC NUMBER=( 1),ATOMS/MOLECULE=( 6.331460E-01)
P4+  ATOMIC NUMBER=( 6),ATOMS/MOLECULE=( 5.367160E-02)
P4+  ATOMIC NUMBER=( 7),ATOMS/MOLECULE=( 1.288830E-02)
P4+  ATOMIC NUMBER=( 8),ATOMS/MOLECULE=( 2.981530E-01)
P4+  ATOMIC NUMBER=(11),ATOMS/MOLECULE=( 5.043010E-04)
P4+  ATOMIC NUMBER=(12),ATOMS/MOLECULE=( 1.892490E-04)
P4+  ATOMIC NUMBER=(15),ATOMS/MOLECULE=( 1.627430E-04)
P4+  ATOMIC NUMBER=(16),ATOMS/MOLECULE=( 4.422060E-04)
P4+  ATOMIC NUMBER=(17),ATOMS/MOLECULE=( 4.727530E-04)
P4+  ATOMIC NUMBER=(19),ATOMS/MOLECULE=( 3.126440E-04)
P4+  ATOMIC NUMBER=(20),ATOMS/MOLECULE=( 1.414880E-05)
P4+  ATOMIC NUMBER=(26),ATOMS/MOLECULE=( 4.174540E-05)
P4+  ATOMIC NUMBER=(30),ATOMS/MOLECULE=( 9.637430E-07)
P5   MEAN EXCITATION ENERGY=(   75.30) eV
P6   NUMBER OF OSCILLATORS=(28) /.LE.30/
P7+  ( 8.169450E-04, 4.590739E+00, 2.219E+00, 0) OSCILLATOR DATA
P7+  ( 2.829760E-05, 6.000000E+00, 1.950E+00, 0) OSCILLATOR DATA
P7+  ( 7.240261E-04, 8.015065E+00, 1.085E+00, 0) OSCILLATOR DATA
P7+  ( 2.110717E+00, 1.366728E+01, 5.354E-01, 0) OSCILLATOR DATA
P7+  ( 2.821370E-03, 1.800000E+01, 4.889E-01, 0) OSCILLATOR DATA
P7+  ( 5.963909E-01, 2.400014E+01, 5.790E-01, 0) OSCILLATOR DATA
P7+  ( 3.651094E-03, 3.165106E+01, 2.841E-01, 0) OSCILLATOR DATA
P7+  ( 2.422866E-03, 5.477829E+01, 2.813E-01, 0) OSCILLATOR DATA
P7+  ( 4.677713E-04, 8.953639E+01, 3.424E-01, 0) OSCILLATOR DATA
P7+  ( 3.631621E-03, 1.559606E+02, 1.253E-01, 0) OSCILLATOR DATA
P7+  ( 4.046416E-03, 2.055495E+02, 1.490E-01, 0) OSCILLATOR DATA
P7+  ( 1.101646E-01, 2.850460E+02, 1.526E-01, 0) OSCILLATOR DATA
P7+  ( 7.101808E-04, 3.751533E+02, 1.737E-01, 0) OSCILLATOR DATA
P7+  ( 2.577660E-02, 4.100000E+02, 1.300E-01, 7) OSCILLATOR DATA
P7+  ( 2.829760E-05, 4.380000E+02, 1.740E-01, 0) OSCILLATOR DATA
P7+  ( 5.963060E-01, 5.430000E+02, 1.130E-01, 8) OSCILLATOR DATA
P7+  ( 3.339632E-04, 7.440454E+02, 8.050E-02, 0) OSCILLATOR DATA
P7+  ( 5.782458E-06, 1.029610E+03, 5.490E-02, 0) OSCILLATOR DATA
P7+  ( 1.008602E-03, 1.072000E+03, 8.150E-02,11) OSCILLATOR DATA
P7+  ( 1.927486E-06, 1.196000E+03, 1.080E-01, 0) OSCILLATOR DATA
P7+  ( 3.784980E-04, 1.303000E+03, 7.450E-02,12) OSCILLATOR DATA
P7+  ( 3.254860E-04, 2.149000E+03, 5.920E-02,15) OSCILLATOR DATA
P7+  ( 8.844120E-04, 2.472000E+03, 5.530E-02,16) OSCILLATOR DATA
P7+  ( 9.455060E-04, 2.823000E+03, 5.200E-02,17) OSCILLATOR DATA
P7+  ( 6.252880E-04, 3.608000E+03, 4.640E-02,19) OSCILLATOR DATA
P7+  ( 2.829760E-05, 4.038000E+03, 4.400E-02,20) OSCILLATOR DATA
P7+  ( 8.349080E-05, 7.111000E+03, 3.360E-02,26) OSCILLATOR DATA
P7+  ( 1.927486E-06, 9.661000E+03, 2.900E-02,30) OSCILLATOR DATA
P8   NUMBER OF INPUT ENERGIES=(106) FOR ELECTRONS /.LT.180/
 1.00E+02  9.401E-02  1.732E-01  1.830E-01  4.174E+02  6.249E-04
 1.25E+02  1.110E-01  2.272E-01  2.213E-01  3.926E+02  7.403E-04
 1.50E+02  1.268E-01  2.861E-01  2.590E-01  3.676E+02  8.503E-04
 1.75E+02  1.416E-01  3.499E-01  2.972E-01  3.441E+02  9.550E-04
 2.00E+02  1.557E-01  4.182E-01  3.363E-01  3.230E+02  1.056E-03
 2.50E+02  1.823E-01  5.682E-01  4.184E-01  2.877E+02  1.246E-03
 3.00E+02  2.074E-01  7.354E-01  5.064E-01  2.598E+02  1.421E-03
 3.50E+02  2.314E-01  9.189E-01  6.005E-01  2.373E+02  1.584E-03
 4.00E+02  2.547E-01  1.118E+00  7.008E-01  2.188E+02  1.735E-03
 4.50E+02  2.775E-01  1.334E+00  8.073E-01  2.032E+02  1.873E-03
 5.00E+02  2.998E-01  1.565E+00  9.200E-01  1.899E+02  2.001E-03
 6.00E+02  3.436E-01  2.072E+00  1.164E+00  1.685E+02  2.227E-03
 7.00E+02  3.865E-01  2.638E+00  1.431E+00  1.524E+02  2.417E-03
 8.00E+02  4.289E-01  3.261E+00  1.722E+00  1.393E+02  2.574E-03
 9.00E+02  4.709E-01  3.942E+00  2.034E+00  1.285E+02  2.703E-03
 1.00E+03  5.125E-01  4.679E+00  2.370E+00  1.194E+02  2.807E-03
 1.25E+03  6.159E-01  6.759E+00  3.306E+00  1.026E+02  2.977E-03
 1.50E+03  7.183E-01  9.175E+00  4.374E+00  9.151E+01  3.104E-03
 1.75E+03  8.203E-01  1.191E+01  5.572E+00  8.230E+01  3.204E-03
 2.00E+03  9.218E-01  1.497E+01  6.896E+00  7.487E+01  3.283E-03
 2.50E+03  1.124E+00  2.201E+01  9.908E+00  6.368E+01  3.403E-03
 3.00E+03  1.325E+00  3.024E+01  1.340E+01  5.581E+01  3.494E-03
 3.50E+03  1.525E+00  3.964E+01  1.734E+01  4.982E+01  3.559E-03
 4.00E+03  1.726E+00  5.018E+01  2.173E+01  4.509E+01  3.612E-03
 4.50E+03  1.925E+00  6.183E+01  2.655E+01  4.127E+01  3.654E-03
 5.00E+03  2.122E+00  7.455E+01  3.180E+01  3.810E+01  3.687E-03
 6.00E+03  2.518E+00  1.032E+02  4.353E+01  3.316E+01  3.739E-03
 7.00E+03  2.910E+00  1.361E+02  5.687E+01  2.946E+01  3.776E-03
 8.00E+03  3.301E+00  1.729E+02  7.177E+01  2.657E+01  3.805E-03
 9.00E+03  3.689E+00  2.137E+02  8.817E+01  2.426E+01  3.826E-03
 1.00E+04  4.075E+00  2.584E+02  1.061E+02  2.235E+01  3.843E-03
 1.25E+04  5.029E+00  3.866E+02  1.571E+02  1.879E+01  3.871E-03
 1.50E+04  5.970E+00  5.374E+02  2.166E+02  1.631E+01  3.889E-03
 1.75E+04  6.897E+00  7.100E+02  2.846E+02  1.447E+01  3.900E-03
 2.00E+04  7.812E+00  9.040E+02  3.603E+02  1.304E+01  3.908E-03
 2.50E+04  9.604E+00  1.353E+03  5.347E+02  1.098E+01  3.921E-03
 3.00E+04  1.134E+01  1.879E+03  7.380E+02  9.556E+00  3.930E-03
 3.50E+04  1.304E+01  2.479E+03  9.687E+02  8.506E+00  3.943E-03
 4.00E+04  1.469E+01  3.152E+03  1.226E+03  7.698E+00  3.955E-03
 4.50E+04  1.629E+01  3.892E+03  1.508E+03  7.058E+00  3.967E-03
 5.00E+04  1.785E+01  4.698E+03  1.813E+03  6.536E+00  3.982E-03
 6.00E+04  2.086E+01  6.497E+03  2.492E+03  5.738E+00  4.012E-03
 7.00E+04  2.370E+01  8.533E+03  3.257E+03  5.154E+00  4.048E-03
 8.00E+04  2.640E+01  1.079E+04  4.101E+03  4.709E+00  4.088E-03
 9.00E+04  2.897E+01  1.326E+04  5.020E+03  4.357E+00  4.130E-03
 1.00E+05  3.142E+01  1.592E+04  6.007E+03  4.073E+00  4.177E-03
 1.25E+05  3.714E+01  2.348E+04  8.795E+03  3.555E+00  4.303E-03
 1.50E+05  4.213E+01  3.199E+04  1.191E+04  3.205E+00  4.440E-03
 1.75E+05  4.658E+01  4.142E+04  1.535E+04  2.953E+00  4.587E-03
 2.00E+05  5.058E+01  5.169E+04  1.908E+04  2.764E+00  4.744E-03
 2.50E+05  5.741E+01  7.447E+04  2.730E+04  2.502E+00  5.080E-03
 3.00E+05  6.302E+01  9.987E+04  3.641E+04  2.331E+00  5.447E-03
 3.50E+05  6.770E+01  1.276E+05  4.631E+04  2.212E+00  5.844E-03
 4.00E+05  7.161E+01  1.574E+05  5.692E+04  2.126E+00  6.265E-03
 4.50E+05  7.494E+01  1.891E+05  6.818E+04  2.062E+00  6.707E-03
 5.00E+05  7.777E+01  2.227E+05  8.005E+04  2.013E+00  7.170E-03
 6.00E+05  8.235E+01  2.946E+05  1.055E+05  1.947E+00  8.157E-03
 7.00E+05  8.583E+01  3.729E+05  1.331E+05  1.905E+00  9.201E-03
 8.00E+05  8.857E+01  4.571E+05  1.627E+05  1.879E+00  1.030E-02
 9.00E+05  9.071E+01  5.469E+05  1.942E+05  1.863E+00  1.145E-02
 1.00E+06  9.247E+01  6.422E+05  2.277E+05  1.853E+00  1.265E-02
 1.25E+06  9.563E+01  9.039E+05  3.194E+05  1.846E+00  1.581E-02
 1.50E+06  9.766E+01  1.198E+06  4.223E+05  1.849E+00  1.919E-02
 1.75E+06  9.907E+01  1.524E+06  5.360E+05  1.855E+00  2.275E-02
 2.00E+06  1.001E+02  1.881E+06  6.605E+05  1.862E+00  2.646E-02
 2.50E+06  1.014E+02  2.684E+06  9.411E+05  1.879E+00  3.427E-02
 3.00E+06  1.022E+02  3.609E+06  1.262E+06  1.895E+00  4.247E-02
 3.50E+06  1.027E+02  4.651E+06  1.625E+06  1.910E+00  5.102E-02
 4.00E+06  1.031E+02  5.807E+06  2.027E+06  1.924E+00  5.986E-02
 4.50E+06  1.033E+02  7.078E+06  2.467E+06  1.936E+00  6.894E-02
 5.00E+06  1.035E+02  8.462E+06  2.947E+06  1.948E+00  7.824E-02
 6.00E+06  1.037E+02  1.156E+07  4.021E+06  1.969E+00  9.737E-02
 7.00E+06  1.039E+02  1.509E+07  5.245E+06  1.987E+00  1.171E-01
 8.00E+06  1.040E+02  1.906E+07  6.618E+06  2.002E+00  1.374E-01
 9.00E+06  1.041E+02  2.344E+07  8.135E+06  2.016E+00  1.582E-01
 1.00E+07  1.042E+02  2.826E+07  9.796E+06  2.029E+00  1.793E-01
 1.25E+07  1.042E+02  4.208E+07  1.457E+07  2.055E+00  2.335E-01
 1.50E+07  1.043E+02  5.844E+07  2.022E+07  2.077E+00  2.892E-01
 1.75E+07  1.043E+02  7.731E+07  2.672E+07  2.095E+00  3.461E-01
 2.00E+07  1.043E+02  9.866E+07  3.405E+07  2.111E+00  4.039E-01
 2.50E+07  1.044E+02  1.486E+08  5.123E+07  2.136E+00  5.215E-01
 3.00E+07  1.044E+02  2.083E+08  7.169E+07  2.157E+00  6.412E-01
 3.50E+07  1.044E+02  2.777E+08  9.541E+07  2.174E+00  7.627E-01
 4.00E+07  1.044E+02  3.566E+08  1.223E+08  2.189E+00  8.852E-01
 4.50E+07  1.044E+02  4.451E+08  1.525E+08  2.201E+00  1.009E+00
 5.00E+07  1.044E+02  5.432E+08  1.859E+08  2.212E+00  1.133E+00
 6.00E+07  1.044E+02  7.686E+08  2.624E+08  2.231E+00  1.384E+00
 7.00E+07  1.044E+02  1.033E+09  3.517E+08  2.246E+00  1.637E+00
 8.00E+07  1.044E+02  1.337E+09  4.541E+08  2.259E+00  1.892E+00
 9.00E+07  1.044E+02  1.680E+09  5.695E+08  2.270E+00  2.148E+00
 1.00E+08  1.044E+02  2.064E+09  6.982E+08  2.280E+00  2.406E+00
 1.25E+08  1.044E+02  3.199E+09  1.078E+09  2.301E+00  3.054E+00
 1.50E+08  1.044E+02  4.587E+09  1.541E+09  2.317E+00  3.706E+00
 1.75E+08  1.044E+02  6.226E+09  2.089E+09  2.330E+00  4.362E+00
 2.00E+08  1.044E+02  8.118E+09  2.720E+09  2.342E+00  5.020E+00
 2.50E+08  1.044E+02  1.266E+10  4.232E+09  2.361E+00  6.342E+00
 3.00E+08  1.044E+02  1.821E+10  6.082E+09  2.377E+00  7.671E+00
 3.50E+08  1.044E+02  2.477E+10  8.269E+09  2.390E+00  9.004E+00
 4.00E+08  1.044E+02  3.233E+10  1.079E+10  2.402E+00  1.034E+01
 4.50E+08  1.044E+02  4.091E+10  1.365E+10  2.412E+00  1.168E+01
 5.00E+08  1.044E+02  5.050E+10  1.685E+10  2.421E+00  1.302E+01
 6.00E+08  1.044E+02  7.270E+10  2.425E+10  2.436E+00  1.571E+01
 7.00E+08  1.044E+02  9.894E+10  3.299E+10  2.449E+00  1.840E+01
 8.00E+08  1.044E+02  1.292E+11  4.309E+10  2.460E+00  2.109E+01
 9.00E+08  1.044E+02  1.635E+11  5.452E+10  2.470E+00  2.379E+01
 1.00E+09  1.044E+02  2.018E+11  6.731E+10  2.479E+00  2.649E+01
P10  NUMBER OF INPUT ENERGIES=(106) FOR POSITRONS /.LT.180/
 1.00E+02  1.627E-01  5.630E-01  3.174E-01  5.425E+02  8.043E-05
 1.25E+02  1.810E-01  6.917E-01  3.824E-01  5.014E+02  1.036E-04
 1.50E+02  1.982E-01  8.238E-01  4.482E-01  4.626E+02  1.272E-04
 1.75E+02  2.144E-01  9.595E-01  5.151E-01  4.285E+02  1.512E-04
 2.00E+02  2.301E-01  1.099E+00  5.831E-01  3.989E+02  1.754E-04
 2.50E+02  2.597E-01  1.388E+00  7.228E-01  3.508E+02  2.240E-04
 3.00E+02  2.878E-01  1.693E+00  8.678E-01  3.137E+02  2.723E-04
 3.50E+02  3.149E-01  2.013E+00  1.018E+00  2.843E+02  3.199E-04
 4.00E+02  3.410E-01  2.349E+00  1.175E+00  2.605E+02  3.664E-04
 4.50E+02  3.665E-01  2.699E+00  1.337E+00  2.406E+02  4.115E-04
 5.00E+02  3.913E-01  3.064E+00  1.503E+00  2.239E+02  4.550E-04
 6.00E+02  4.398E-01  3.838E+00  1.856E+00  1.972E+02  5.367E-04
 7.00E+02  4.870E-01  4.670E+00  2.229E+00  1.773E+02  6.112E-04
 8.00E+02  5.331E-01  5.560E+00  2.626E+00  1.613E+02  6.781E-04
 9.00E+02  5.784E-01  6.505E+00  3.045E+00  1.482E+02  7.377E-04
 1.00E+03  6.233E-01  7.507E+00  3.485E+00  1.373E+02  7.902E-04
 1.25E+03  7.330E-01  1.025E+01  4.680E+00  1.172E+02  8.935E-04
 1.50E+03  8.407E-01  1.331E+01  6.004E+00  1.042E+02  9.808E-04
 1.75E+03  9.472E-01  1.671E+01  7.456E+00  9.358E+01  1.056E-03
 2.00E+03  1.052E+00  2.042E+01  9.033E+00  8.502E+01  1.123E-03
 2.50E+03  1.260E+00  2.875E+01  1.255E+01  7.214E+01  1.236E-03
 3.00E+03  1.466E+00  3.829E+01  1.653E+01  6.291E+01  1.331E-03
 3.50E+03  1.670E+00  4.898E+01  2.097E+01  5.594E+01  1.411E-03
 4.00E+03  1.873E+00  6.082E+01  2.586E+01  5.049E+01  1.482E-03
 4.50E+03  2.075E+00  7.376E+01  3.116E+01  4.608E+01  1.545E-03
 5.00E+03  2.275E+00  8.780E+01  3.690E+01  4.245E+01  1.600E-03
 6.00E+03  2.674E+00  1.191E+02  4.962E+01  3.680E+01  1.697E-03
 7.00E+03  3.069E+00  1.545E+02  6.395E+01  3.258E+01  1.779E-03
 8.00E+03  3.462E+00  1.941E+02  7.985E+01  2.931E+01  1.851E-03
 9.00E+03  3.852E+00  2.377E+02  9.725E+01  2.669E+01  1.913E-03
 1.00E+04  4.239E+00  2.851E+02  1.162E+02  2.454E+01  1.969E-03
 1.25E+04  5.197E+00  4.202E+02  1.698E+02  2.054E+01  2.087E-03
 1.50E+04  6.142E+00  5.784E+02  2.320E+02  1.776E+01  2.182E-03
 1.75E+04  7.072E+00  7.587E+02  3.027E+02  1.570E+01  2.263E-03
 2.00E+04  7.989E+00  9.605E+02  3.815E+02  1.412E+01  2.332E-03
 2.50E+04  9.783E+00  1.427E+03  5.622E+02  1.183E+01  2.447E-03
 3.00E+04  1.153E+01  1.972E+03  7.723E+02  1.025E+01  2.542E-03
 3.50E+04  1.323E+01  2.594E+03  1.010E+03  9.089E+00  2.624E-03
 4.00E+04  1.487E+01  3.288E+03  1.275E+03  8.200E+00  2.696E-03
 4.50E+04  1.648E+01  4.052E+03  1.566E+03  7.495E+00  2.760E-03
 5.00E+04  1.805E+01  4.884E+03  1.881E+03  6.923E+00  2.821E-03
 6.00E+04  2.105E+01  6.741E+03  2.580E+03  6.048E+00  2.927E-03
 7.00E+04  2.389E+01  8.841E+03  3.368E+03  5.410E+00  3.024E-03
 8.00E+04  2.661E+01  1.117E+04  4.237E+03  4.923E+00  3.114E-03
 9.00E+04  2.918E+01  1.372E+04  5.183E+03  4.540E+00  3.198E-03
 1.00E+05  3.162E+01  1.647E+04  6.200E+03  4.230E+00  3.280E-03
 1.25E+05  3.714E+01  2.417E+04  9.037E+03  3.666E+00  3.475E-03
 1.50E+05  4.213E+01  3.294E+04  1.224E+04  3.286E+00  3.662E-03
 1.75E+05  4.658E+01  4.267E+04  1.578E+04  3.013E+00  3.847E-03
 2.00E+05  5.058E+01  5.327E+04  1.961E+04  2.809E+00  4.033E-03
 2.50E+05  5.741E+01  7.680E+04  2.806E+04  2.524E+00  4.408E-03
 3.00E+05  6.302E+01  1.031E+05  3.745E+04  2.339E+00  4.799E-03
 3.50E+05  6.770E+01  1.317E+05  4.765E+04  2.210E+00  5.210E-03
 4.00E+05  7.161E+01  1.625E+05  5.858E+04  2.116E+00  5.639E-03
 4.50E+05  7.494E+01  1.953E+05  7.018E+04  2.047E+00  6.084E-03
 5.00E+05  7.777E+01  2.300E+05  8.241E+04  1.994E+00  6.547E-03
 6.00E+05  8.235E+01  3.045E+05  1.086E+05  1.920E+00  7.527E-03
 7.00E+05  8.583E+01  3.854E+05  1.370E+05  1.874E+00  8.559E-03
 8.00E+05  8.857E+01  4.724E+05  1.675E+05  1.845E+00  9.644E-03
 9.00E+05  9.071E+01  5.653E+05  1.999E+05  1.826E+00  1.078E-02
 1.00E+06  9.247E+01  6.637E+05  2.343E+05  1.815E+00  1.195E-02
 1.25E+06  9.563E+01  9.338E+05  3.285E+05  1.804E+00  1.507E-02
 1.50E+06  9.766E+01  1.237E+06  4.342E+05  1.805E+00  1.841E-02
 1.75E+06  9.907E+01  1.573E+06  5.509E+05  1.809E+00  2.192E-02
 2.00E+06  1.001E+02  1.940E+06  6.785E+05  1.816E+00  2.560E-02
 2.50E+06  1.014E+02  2.768E+06  9.661E+05  1.830E+00  3.333E-02
 3.00E+06  1.022E+02  3.718E+06  1.295E+06  1.845E+00  4.147E-02
 3.50E+06  1.027E+02  4.788E+06  1.666E+06  1.860E+00  4.997E-02
 4.00E+06  1.031E+02  5.976E+06  2.077E+06  1.873E+00  5.877E-02
 4.50E+06  1.033E+02  7.280E+06  2.529E+06  1.885E+00  6.782E-02
 5.00E+06  1.035E+02  8.699E+06  3.019E+06  1.896E+00  7.709E-02
 6.00E+06  1.037E+02  1.185E+07  4.108E+06  1.916E+00  9.618E-02
 7.00E+06  1.039E+02  1.550E+07  5.366E+06  1.934E+00  1.159E-01
 8.00E+06  1.040E+02  1.956E+07  6.767E+06  1.949E+00  1.362E-01
 9.00E+06  1.041E+02  2.406E+07  8.315E+06  1.963E+00  1.570E-01
 1.00E+07  1.042E+02  2.897E+07  1.001E+07  1.975E+00  1.781E-01
 1.25E+07  1.042E+02  4.312E+07  1.488E+07  2.001E+00  2.323E-01
 1.50E+07  1.043E+02  5.985E+07  2.063E+07  2.023E+00  2.881E-01
 1.75E+07  1.043E+02  7.912E+07  2.725E+07  2.041E+00  3.451E-01
 2.00E+07  1.043E+02  1.009E+08  3.472E+07  2.056E+00  4.030E-01
 2.50E+07  1.044E+02  1.519E+08  5.220E+07  2.082E+00  5.207E-01
 3.00E+07  1.044E+02  2.128E+08  7.300E+07  2.102E+00  6.406E-01
 3.50E+07  1.044E+02  2.834E+08  9.710E+07  2.120E+00  7.622E-01
 4.00E+07  1.044E+02  3.638E+08  1.245E+08  2.134E+00  8.848E-01
 4.50E+07  1.044E+02  4.538E+08  1.551E+08  2.147E+00  1.008E+00
 5.00E+07  1.044E+02  5.536E+08  1.890E+08  2.158E+00  1.133E+00
 6.00E+07  1.044E+02  7.824E+08  2.664E+08  2.176E+00  1.384E+00
 7.00E+07  1.044E+02  1.050E+09  3.570E+08  2.191E+00  1.637E+00
 8.00E+07  1.044E+02  1.358E+09  4.606E+08  2.204E+00  1.892E+00
 9.00E+07  1.044E+02  1.706E+09  5.772E+08  2.215E+00  2.148E+00
 1.00E+08  1.044E+02  2.093E+09  7.072E+08  2.225E+00  2.406E+00
 1.25E+08  1.044E+02  3.238E+09  1.090E+09  2.245E+00  3.054E+00
 1.50E+08  1.044E+02  4.634E+09  1.557E+09  2.262E+00  3.706E+00
 1.75E+08  1.044E+02  6.283E+09  2.106E+09  2.275E+00  4.361E+00
 2.00E+08  1.044E+02  8.184E+09  2.740E+09  2.287E+00  5.020E+00
 2.50E+08  1.044E+02  1.274E+10  4.260E+09  2.306E+00  6.342E+00
 3.00E+08  1.044E+02  1.831E+10  6.115E+09  2.322E+00  7.671E+00
 3.50E+08  1.044E+02  2.489E+10  8.307E+09  2.335E+00  9.004E+00
 4.00E+08  1.044E+02  3.247E+10  1.084E+10  2.346E+00  1.034E+01
 4.50E+08  1.044E+02  4.106E+10  1.370E+10  2.356E+00  1.168E+01
 5.00E+08  1.044E+02  5.066E+10  1.690E+10  2.365E+00  1.302E+01
 6.00E+08  1.044E+02  7.289E+10  2.431E+10  2.381E+00  1.571E+01
 7.00E+08  1.044E+02  9.916E+10  3.306E+10  2.394E+00  1.840E+01
 8.00E+08  1.044E+02  1.294E+11  4.316E+10  2.405E+00  2.109E+01
 9.00E+08  1.044E+02  1.638E+11  5.460E+10  2.415E+00  2.379E+01
 1.00E+09  1.044E+02  2.021E+11  6.739E+10  2.424E+00  2.649E+01
P12  NUMBER OF INPUT ENERGIES=(128) FOR PHOTONS /.LT.400/
 1.000E+03  1.353E+00  1.055E-02  3.823E+03  1.000E-35
 1.010E+03  1.351E+00  1.086E-02  3.725E+03  1.000E-35
 1.020E+03  1.349E+00  1.117E-02  3.629E+03  1.000E-35
 1.020E+03  1.349E+00  1.117E-02  3.629E+03  1.000E-35
 1.031E+03  1.347E+00  1.154E-02  3.522E+03  1.000E-35
 1.035E+03  1.346E+00  1.167E-02  3.484E+03  1.000E-35
 1.043E+03  1.345E+00  1.191E-02  3.418E+03  1.000E-35
 1.043E+03  1.345E+00  1.191E-02  3.418E+03  1.000E-35
 1.072E+03  1.339E+00  1.286E-02  3.174E+03  1.000E-35
 1.072E+03  1.339E+00  1.286E-02  3.185E+03  1.000E-35
 1.116E+03  1.331E+00  1.431E-02  2.864E+03  1.000E-35
 1.194E+03  1.315E+00  1.698E-02  2.392E+03  1.000E-35
 1.194E+03  1.315E+00  1.698E-02  2.392E+03  1.000E-35
 1.250E+03  1.303E+00  1.896E-02  2.114E+03  1.000E-35
 1.305E+03  1.291E+00  2.093E-02  1.881E+03  1.000E-35
 1.305E+03  1.291E+00  2.093E-02  1.885E+03  1.000E-35
 1.500E+03  1.247E+00  2.807E-02  1.292E+03  1.000E-35
 1.750E+03  1.188E+00  3.729E-02  8.426E+02  1.000E-35
 2.000E+03  1.125E+00  4.630E-02  5.782E+02  1.000E-35
 2.146E+03  1.089E+00  5.137E-02  4.730E+02  1.000E-35
 2.146E+03  1.089E+00  5.137E-02  4.747E+02  1.000E-35
 2.472E+03  1.008E+00  6.216E-02  3.166E+02  1.000E-35
 2.472E+03  1.008E+00  6.216E-02  3.208E+02  1.000E-35
 2.500E+03  1.001E+00  6.305E-02  3.107E+02  1.000E-35
 2.822E+03  9.235E-01  7.276E-02  2.187E+02  1.000E-35
 2.822E+03  9.235E-01  7.276E-02  2.225E+02  1.000E-35
 3.000E+03  8.829E-01  7.773E-02  1.868E+02  1.000E-35
 3.500E+03  7.772E-01  9.035E-02  1.190E+02  1.000E-35
 3.607E+03  7.563E-01  9.281E-02  1.088E+02  1.000E-35
 3.607E+03  7.563E-01  9.281E-02  1.108E+02  1.000E-35
 4.000E+03  6.851E-01  1.011E-01  8.167E+01  1.000E-35
 4.038E+03  6.787E-01  1.019E-01  7.940E+01  1.000E-35
 4.038E+03  6.787E-01  1.019E-01  7.948E+01  1.000E-35
 4.500E+03  6.064E-01  1.103E-01  5.759E+01  1.000E-35
 5.000E+03  5.395E-01  1.181E-01  4.202E+01  1.000E-35
 6.000E+03  4.349E-01  1.305E-01  2.422E+01  1.000E-35
 7.000E+03  3.590E-01  1.399E-01  1.514E+01  1.000E-35
 7.112E+03  3.518E-01  1.408E-01  1.442E+01  1.000E-35
 7.112E+03  3.518E-01  1.408E-01  1.455E+01  1.000E-35
 8.000E+03  3.026E-01  1.471E-01  1.014E+01  1.000E-35
 9.000E+03  2.596E-01  1.528E-01  7.054E+00  1.000E-35
 9.659E+03  2.366E-01  1.560E-01  5.666E+00  1.000E-35
 9.659E+03  2.366E-01  1.560E-01  5.668E+00  1.000E-35
 1.000E+04  2.261E-01  1.575E-01  5.089E+00  1.000E-35
 1.250E+04  1.680E-01  1.662E-01  2.533E+00  1.000E-35
 1.500E+04  1.311E-01  1.722E-01  1.425E+00  1.000E-35
 1.750E+04  1.057E-01  1.763E-01  8.736E-01  1.000E-35
 2.000E+04  8.709E-02  1.793E-01  5.705E-01  1.000E-35
 2.500E+04  6.199E-02  1.827E-01  2.786E-01  1.000E-35
 3.000E+04  4.620E-02  1.839E-01  1.546E-01  1.000E-35
 3.500E+04  3.567E-02  1.838E-01  9.371E-02  1.000E-35
 4.000E+04  2.834E-02  1.829E-01  6.068E-02  1.000E-35
 4.500E+04  2.305E-02  1.816E-01  4.131E-02  1.000E-35
 5.000E+04  1.911E-02  1.800E-01  2.927E-02  1.000E-35
 6.000E+04  1.374E-02  1.763E-01  1.611E-02  1.000E-35
 7.000E+04  1.035E-02  1.725E-01  9.713E-03  1.000E-35
 8.000E+04  8.067E-03  1.687E-01  6.267E-03  1.000E-35
 9.000E+04  6.461E-03  1.650E-01  4.258E-03  1.000E-35
 1.000E+05  5.288E-03  1.615E-01  3.015E-03  1.000E-35
 1.250E+05  3.443E-03  1.533E-01  1.454E-03  1.000E-35
 1.500E+05  2.415E-03  1.461E-01  8.040E-04  1.000E-35
 1.750E+05  1.786E-03  1.397E-01  4.890E-04  1.000E-35
 2.000E+05  1.373E-03  1.341E-01  3.193E-04  1.000E-35
 2.500E+05  8.834E-04  1.246E-01  1.585E-04  1.000E-35
 3.000E+05  6.152E-04  1.168E-01  9.073E-05  1.000E-35
 3.500E+05  4.528E-04  1.103E-01  5.735E-05  1.000E-35
 4.000E+05  3.471E-04  1.047E-01  3.897E-05  1.000E-35
 4.500E+05  2.745E-04  9.990E-02  2.800E-05  1.000E-35
 5.000E+05  2.224E-04  9.566E-02  2.105E-05  1.000E-35
 6.000E+05  1.546E-04  8.850E-02  1.313E-05  1.000E-35
 7.000E+05  1.136E-04  8.266E-02  8.888E-06  1.000E-35
 8.000E+05  8.702E-05  7.777E-02  6.631E-06  1.000E-35
 9.000E+05  6.877E-05  7.357E-02  5.336E-06  1.000E-35
 1.000E+06  5.571E-05  6.991E-02  4.122E-06  1.000E-35
 1.022E+06  5.334E-05  6.917E-02  3.851E-06  1.000E-35
 1.250E+06  3.566E-05  6.250E-02  2.613E-06  1.756E-05
 1.500E+06  2.477E-05  5.679E-02  1.895E-06  9.703E-05
 1.750E+06  1.820E-05  5.222E-02  1.464E-06  2.265E-04
 2.000E+06  1.393E-05  4.845E-02  1.189E-06  3.861E-04
 2.044E+06  1.334E-05  4.785E-02  1.150E-06  4.161E-04
 2.500E+06  8.919E-06  4.254E-02  8.537E-07  7.436E-04
 3.000E+06  6.194E-06  3.810E-02  6.621E-07  1.117E-03
 3.500E+06  4.551E-06  3.460E-02  5.389E-07  1.487E-03
 4.000E+06  3.484E-06  3.177E-02  4.535E-07  1.844E-03
 4.500E+06  2.753E-06  2.942E-02  3.910E-07  2.185E-03
 5.000E+06  2.230E-06  2.743E-02  3.434E-07  2.510E-03
 6.000E+06  1.548E-06  2.424E-02  2.758E-07  3.117E-03
 7.000E+06  1.138E-06  2.178E-02  2.302E-07  3.664E-03
 8.000E+06  8.710E-07  1.982E-02  1.974E-07  4.160E-03
 9.000E+06  6.882E-07  1.822E-02  1.728E-07  4.616E-03
 1.000E+07  5.574E-07  1.688E-02  1.535E-07  5.029E-03
 1.100E+07  4.607E-07  1.574E-02  1.382E-07  5.409E-03
 1.200E+07  3.871E-07  1.476E-02  1.255E-07  5.758E-03
 1.300E+07  3.299E-07  1.390E-02  1.150E-07  6.085E-03
 1.400E+07  2.844E-07  1.315E-02  1.061E-07  6.389E-03
 1.500E+07  2.478E-07  1.248E-02  9.853E-08  6.674E-03
 1.600E+07  2.178E-07  1.189E-02  9.193E-08  6.944E-03
 1.800E+07  1.721E-07  1.086E-02  8.107E-08  7.436E-03
 2.000E+07  1.394E-07  1.001E-02  7.248E-08  7.879E-03
 2.200E+07  1.152E-07  9.298E-03  6.556E-08  8.283E-03
 2.400E+07  9.678E-08  8.686E-03  5.982E-08  8.652E-03
 2.600E+07  8.246E-08  8.156E-03  5.501E-08  8.989E-03
 2.800E+07  7.110E-08  7.692E-03  5.091E-08  9.303E-03
 3.000E+07  6.194E-08  7.282E-03  4.739E-08  9.593E-03
 3.500E+07  4.551E-08  6.437E-03  4.040E-08  1.023E-02
 4.000E+07  3.484E-08  5.781E-03  3.519E-08  1.078E-02
 4.500E+07  2.753E-08  5.254E-03  3.118E-08  1.127E-02
 5.000E+07  2.230E-08  4.822E-03  2.799E-08  1.169E-02
 6.000E+07  1.548E-08  4.152E-03  2.323E-08  1.242E-02
 7.000E+07  1.138E-08  3.655E-03  1.986E-08  1.301E-02
 8.000E+07  8.710E-09  3.271E-03  1.734E-08  1.352E-02
 9.000E+07  6.882E-09  2.965E-03  1.539E-08  1.395E-02
 1.000E+08  5.574E-09  2.714E-03  1.383E-08  1.433E-02
 1.250E+08  3.568E-09  2.248E-03  1.103E-08  1.510E-02
 1.500E+08  2.478E-09  1.926E-03  9.180E-09  1.569E-02
 1.750E+08  1.820E-09  1.689E-03  7.861E-09  1.616E-02
 2.000E+08  1.394E-09  1.506E-03  6.873E-09  1.654E-02
 2.500E+08  8.919E-10  1.243E-03  5.490E-09  1.714E-02
 3.000E+08  6.194E-10  1.062E-03  4.571E-09  1.758E-02
 3.500E+08  4.551E-10  9.293E-04  3.916E-09  1.792E-02
 4.000E+08  3.484E-10  8.274E-04  3.426E-09  1.819E-02
 4.500E+08  2.753E-10  7.466E-04  3.044E-09  1.842E-02
 5.000E+08  2.230E-10  6.809E-04  2.739E-09  1.861E-02
 6.000E+08  1.548E-10  5.804E-04  2.282E-09  1.891E-02
 7.000E+08  1.138E-10  5.068E-04  1.955E-09  1.913E-02
 8.000E+08  8.710E-11  4.505E-04  1.710E-09  1.931E-02
 9.000E+08  6.882E-11  4.060E-04  1.520E-09  1.946E-02
 1.000E+09  5.574E-11  3.699E-04  1.368E-09  1.958E-02
