P1   MATERIAL:(MuscleSkeletal                            -DBASE)
P2   MASS DENSITY=( 1.0400E+00) g/cm**3
P3   NUMBER OF ELEMENTS IN THE MOLECULE=(13) /.LE.15/
P4+  ATOMIC NUMBER=( 1),ATOMS/MOLECULE=( 6.309420E-01)
P4+  ATOMIC NUMBER=( 6),ATOMS/MOLECULE=( 5.672960E-02)
P4+  ATOMIC NUMBER=( 7),ATOMS/MOLECULE=( 1.248760E-02)
P4+  ATOMIC NUMBER=( 8),ATOMS/MOLECULE=( 2.981000E-01)
P4+  ATOMIC NUMBER=(11),ATOMS/MOLECULE=( 2.061470E-04)
P4+  ATOMIC NUMBER=(12),ATOMS/MOLECULE=( 4.939780E-05)
P4+  ATOMIC NUMBER=(15),ATOMS/MOLECULE=( 3.672210E-04)
P4+  ATOMIC NUMBER=(16),ATOMS/MOLECULE=( 4.750100E-04)
P4+  ATOMIC NUMBER=(17),ATOMS/MOLECULE=( 1.408070E-04)
P4+  ATOMIC NUMBER=(19),ATOMS/MOLECULE=( 4.880880E-04)
P4+  ATOMIC NUMBER=(20),ATOMS/MOLECULE=( 4.729800E-06)
P4+  ATOMIC NUMBER=(26),ATOMS/MOLECULE=( 4.525950E-06)
P4+  ATOMIC NUMBER=(30),ATOMS/MOLECULE=( 4.832530E-06)
P5   MEAN EXCITATION ENERGY=(   75.30) eV
P6   NUMBER OF OSCILLATORS=(28) /.LE.30/
P7+  ( 6.942350E-04, 4.274020E+00, 2.344E+00, 0) OSCILLATOR DATA
P7+  ( 9.459600E-06, 6.000000E+00, 1.950E+00, 0) OSCILLATOR DATA
P7+  ( 1.929936E-04, 8.288200E+00, 1.026E+00, 0) OSCILLATOR DATA
P7+  ( 2.118089E+00, 1.364863E+01, 5.359E-01, 0) OSCILLATOR DATA
P7+  ( 3.210142E-03, 1.800000E+01, 4.056E-01, 0) OSCILLATOR DATA
P7+  ( 5.962284E-01, 2.400005E+01, 5.790E-01, 0) OSCILLATOR DATA
P7+  ( 2.213058E-03, 3.270472E+01, 3.772E-01, 0) OSCILLATOR DATA
P7+  ( 7.452961E-04, 5.639267E+01, 3.067E-01, 0) OSCILLATOR DATA
P7+  ( 1.368427E-04, 8.933550E+01, 3.098E-01, 0) OSCILLATOR DATA
P7+  ( 5.063051E-03, 1.509719E+02, 1.276E-01, 0) OSCILLATOR DATA
P7+  ( 2.529304E-03, 2.072358E+02, 1.967E-01, 0) OSCILLATOR DATA
P7+  ( 1.166693E-01, 2.852257E+02, 1.517E-01, 0) OSCILLATOR DATA
P7+  ( 1.004555E-03, 3.780874E+02, 1.823E-01, 0) OSCILLATOR DATA
P7+  ( 2.497520E-02, 4.100000E+02, 1.300E-01, 7) OSCILLATOR DATA
P7+  ( 9.459600E-06, 4.380000E+02, 1.740E-01, 0) OSCILLATOR DATA
P7+  ( 5.962000E-01, 5.430000E+02, 1.130E-01, 8) OSCILLATOR DATA
P7+  ( 3.620760E-05, 7.440454E+02, 8.050E-02, 0) OSCILLATOR DATA
P7+  ( 2.899518E-05, 1.029610E+03, 5.490E-02, 0) OSCILLATOR DATA
P7+  ( 4.122940E-04, 1.072000E+03, 8.150E-02,11) OSCILLATOR DATA
P7+  ( 9.665060E-06, 1.196000E+03, 1.080E-01, 0) OSCILLATOR DATA
P7+  ( 9.879560E-05, 1.303000E+03, 7.450E-02,12) OSCILLATOR DATA
P7+  ( 7.344420E-04, 2.149000E+03, 5.920E-02,15) OSCILLATOR DATA
P7+  ( 9.500200E-04, 2.472000E+03, 5.530E-02,16) OSCILLATOR DATA
P7+  ( 2.816140E-04, 2.823000E+03, 5.200E-02,17) OSCILLATOR DATA
P7+  ( 9.761760E-04, 3.608000E+03, 4.640E-02,19) OSCILLATOR DATA
P7+  ( 9.459600E-06, 4.038000E+03, 4.400E-02,20) OSCILLATOR DATA
P7+  ( 9.051900E-06, 7.111000E+03, 3.360E-02,26) OSCILLATOR DATA
P7+  ( 9.665060E-06, 9.661000E+03, 2.900E-02,30) OSCILLATOR DATA
P8   NUMBER OF INPUT ENERGIES=(106) FOR ELECTRONS /.LT.180/
 1.00E+02  9.382E-02  1.730E-01  1.827E-01  4.127E+02  6.247E-04
 1.25E+02  1.108E-01  2.270E-01  2.209E-01  3.896E+02  7.400E-04
 1.50E+02  1.265E-01  2.859E-01  2.586E-01  3.649E+02  8.499E-04
 1.75E+02  1.413E-01  3.496E-01  2.966E-01  3.417E+02  9.545E-04
 2.00E+02  1.553E-01  4.180E-01  3.357E-01  3.208E+02  1.056E-03
 2.50E+02  1.819E-01  5.680E-01  4.177E-01  2.859E+02  1.245E-03
 3.00E+02  2.069E-01  7.351E-01  5.057E-01  2.583E+02  1.421E-03
 3.50E+02  2.309E-01  9.187E-01  5.998E-01  2.360E+02  1.583E-03
 4.00E+02  2.541E-01  1.118E+00  7.001E-01  2.176E+02  1.734E-03
 4.50E+02  2.768E-01  1.334E+00  8.066E-01  2.021E+02  1.872E-03
 5.00E+02  2.991E-01  1.565E+00  9.193E-01  1.890E+02  2.000E-03
 6.00E+02  3.429E-01  2.072E+00  1.163E+00  1.677E+02  2.226E-03
 7.00E+02  3.857E-01  2.638E+00  1.430E+00  1.519E+02  2.415E-03
 8.00E+02  4.281E-01  3.262E+00  1.721E+00  1.388E+02  2.572E-03
 9.00E+02  4.700E-01  3.943E+00  2.034E+00  1.280E+02  2.701E-03
 1.00E+03  5.116E-01  4.681E+00  2.369E+00  1.190E+02  2.805E-03
 1.25E+03  6.148E-01  6.763E+00  3.306E+00  1.030E+02  2.974E-03
 1.50E+03  7.171E-01  9.180E+00  4.375E+00  9.149E+01  3.101E-03
 1.75E+03  8.190E-01  1.192E+01  5.573E+00  8.224E+01  3.200E-03
 2.00E+03  9.203E-01  1.498E+01  6.898E+00  7.480E+01  3.280E-03
 2.50E+03  1.122E+00  2.203E+01  9.912E+00  6.367E+01  3.399E-03
 3.00E+03  1.323E+00  3.026E+01  1.340E+01  5.579E+01  3.489E-03
 3.50E+03  1.523E+00  3.967E+01  1.735E+01  4.979E+01  3.555E-03
 4.00E+03  1.723E+00  5.022E+01  2.175E+01  4.507E+01  3.606E-03
 4.50E+03  1.922E+00  6.189E+01  2.657E+01  4.124E+01  3.649E-03
 5.00E+03  2.120E+00  7.463E+01  3.182E+01  3.808E+01  3.681E-03
 6.00E+03  2.515E+00  1.033E+02  4.357E+01  3.314E+01  3.733E-03
 7.00E+03  2.907E+00  1.362E+02  5.692E+01  2.944E+01  3.770E-03
 8.00E+03  3.297E+00  1.731E+02  7.183E+01  2.656E+01  3.799E-03
 9.00E+03  3.684E+00  2.140E+02  8.826E+01  2.424E+01  3.819E-03
 1.00E+04  4.070E+00  2.587E+02  1.062E+02  2.234E+01  3.836E-03
 1.25E+04  5.024E+00  3.870E+02  1.572E+02  1.878E+01  3.864E-03
 1.50E+04  5.963E+00  5.381E+02  2.169E+02  1.630E+01  3.882E-03
 1.75E+04  6.890E+00  7.109E+02  2.849E+02  1.446E+01  3.893E-03
 2.00E+04  7.803E+00  9.051E+02  3.607E+02  1.304E+01  3.901E-03
 2.50E+04  9.593E+00  1.354E+03  5.353E+02  1.098E+01  3.913E-03
 3.00E+04  1.133E+01  1.882E+03  7.389E+02  9.551E+00  3.923E-03
 3.50E+04  1.303E+01  2.483E+03  9.699E+02  8.501E+00  3.935E-03
 4.00E+04  1.467E+01  3.156E+03  1.227E+03  7.694E+00  3.947E-03
 4.50E+04  1.627E+01  3.897E+03  1.510E+03  7.054E+00  3.959E-03
 5.00E+04  1.783E+01  4.704E+03  1.816E+03  6.533E+00  3.974E-03
 6.00E+04  2.084E+01  6.506E+03  2.496E+03  5.735E+00  4.004E-03
 7.00E+04  2.367E+01  8.545E+03  3.261E+03  5.152E+00  4.040E-03
 8.00E+04  2.637E+01  1.080E+04  4.106E+03  4.706E+00  4.080E-03
 9.00E+04  2.894E+01  1.328E+04  5.026E+03  4.355E+00  4.122E-03
 1.00E+05  3.138E+01  1.594E+04  6.015E+03  4.071E+00  4.168E-03
 1.25E+05  3.710E+01  2.351E+04  8.807E+03  3.553E+00  4.295E-03
 1.50E+05  4.208E+01  3.203E+04  1.193E+04  3.203E+00  4.432E-03
 1.75E+05  4.653E+01  4.148E+04  1.538E+04  2.952E+00  4.579E-03
 2.00E+05  5.052E+01  5.177E+04  1.910E+04  2.763E+00  4.736E-03
 2.50E+05  5.735E+01  7.458E+04  2.734E+04  2.501E+00  5.071E-03
 3.00E+05  6.296E+01  1.000E+05  3.646E+04  2.330E+00  5.437E-03
 3.50E+05  6.763E+01  1.277E+05  4.638E+04  2.211E+00  5.833E-03
 4.00E+05  7.154E+01  1.576E+05  5.700E+04  2.125E+00  6.254E-03
 4.50E+05  7.486E+01  1.893E+05  6.828E+04  2.061E+00  6.695E-03
 5.00E+05  7.769E+01  2.230E+05  8.016E+04  2.011E+00  7.158E-03
 6.00E+05  8.227E+01  2.951E+05  1.057E+05  1.941E+00  8.143E-03
 7.00E+05  8.574E+01  3.734E+05  1.333E+05  1.896E+00  9.185E-03
 8.00E+05  8.848E+01  4.578E+05  1.630E+05  1.865E+00  1.028E-02
 9.00E+05  9.062E+01  5.478E+05  1.945E+05  1.843E+00  1.143E-02
 1.00E+06  9.238E+01  6.432E+05  2.281E+05  1.828E+00  1.262E-02
 1.25E+06  9.553E+01  9.053E+05  3.199E+05  1.808E+00  1.578E-02
 1.50E+06  9.756E+01  1.200E+06  4.229E+05  1.801E+00  1.916E-02
 1.75E+06  9.897E+01  1.526E+06  5.368E+05  1.800E+00  2.271E-02
 2.00E+06  9.998E+01  1.884E+06  6.615E+05  1.802E+00  2.642E-02
 2.50E+06  1.013E+02  2.688E+06  9.425E+05  1.812E+00  3.421E-02
 3.00E+06  1.021E+02  3.615E+06  1.264E+06  1.824E+00  4.240E-02
 3.50E+06  1.026E+02  4.658E+06  1.627E+06  1.837E+00  5.094E-02
 4.00E+06  1.030E+02  5.816E+06  2.030E+06  1.849E+00  5.976E-02
 4.50E+06  1.032E+02  7.089E+06  2.471E+06  1.860E+00  6.883E-02
 5.00E+06  1.034E+02  8.475E+06  2.952E+06  1.871E+00  7.812E-02
 6.00E+06  1.036E+02  1.158E+07  4.028E+06  1.890E+00  9.722E-02
 7.00E+06  1.038E+02  1.512E+07  5.253E+06  1.906E+00  1.170E-01
 8.00E+06  1.039E+02  1.909E+07  6.628E+06  1.921E+00  1.372E-01
 9.00E+06  1.040E+02  2.348E+07  8.148E+06  1.934E+00  1.580E-01
 1.00E+07  1.040E+02  2.831E+07  9.811E+06  1.946E+00  1.790E-01
 1.25E+07  1.041E+02  4.215E+07  1.459E+07  1.971E+00  2.331E-01
 1.50E+07  1.042E+02  5.853E+07  2.025E+07  1.992E+00  2.887E-01
 1.75E+07  1.042E+02  7.743E+07  2.676E+07  2.009E+00  3.455E-01
 2.00E+07  1.042E+02  9.882E+07  3.410E+07  2.023E+00  4.033E-01
 2.50E+07  1.043E+02  1.489E+08  5.131E+07  2.047E+00  5.207E-01
 3.00E+07  1.043E+02  2.086E+08  7.180E+07  2.066E+00  6.402E-01
 3.50E+07  1.043E+02  2.781E+08  9.556E+07  2.081E+00  7.616E-01
 4.00E+07  1.043E+02  3.572E+08  1.225E+08  2.094E+00  8.839E-01
 4.50E+07  1.043E+02  4.458E+08  1.527E+08  2.105E+00  1.007E+00
 5.00E+07  1.043E+02  5.441E+08  1.862E+08  2.115E+00  1.131E+00
 6.00E+07  1.043E+02  7.699E+08  2.628E+08  2.132E+00  1.382E+00
 7.00E+07  1.043E+02  1.035E+09  3.523E+08  2.146E+00  1.635E+00
 8.00E+07  1.043E+02  1.339E+09  4.548E+08  2.158E+00  1.889E+00
 9.00E+07  1.043E+02  1.683E+09  5.704E+08  2.168E+00  2.145E+00
 1.00E+08  1.043E+02  2.067E+09  6.993E+08  2.177E+00  2.402E+00
 1.25E+08  1.043E+02  3.204E+09  1.079E+09  2.197E+00  3.050E+00
 1.50E+08  1.043E+02  4.594E+09  1.543E+09  2.212E+00  3.701E+00
 1.75E+08  1.043E+02  6.235E+09  2.092E+09  2.226E+00  4.355E+00
 2.00E+08  1.043E+02  8.131E+09  2.724E+09  2.237E+00  5.013E+00
 2.50E+08  1.043E+02  1.268E+10  4.239E+09  2.256E+00  6.333E+00
 3.00E+08  1.043E+02  1.824E+10  6.092E+09  2.271E+00  7.660E+00
 3.50E+08  1.043E+02  2.481E+10  8.281E+09  2.285E+00  8.991E+00
 4.00E+08  1.043E+02  3.238E+10  1.081E+10  2.296E+00  1.033E+01
 4.50E+08  1.043E+02  4.097E+10  1.367E+10  2.306E+00  1.166E+01
 5.00E+08  1.043E+02  5.058E+10  1.687E+10  2.315E+00  1.300E+01
 6.00E+08  1.043E+02  7.281E+10  2.429E+10  2.330E+00  1.569E+01
 7.00E+08  1.043E+02  9.909E+10  3.304E+10  2.343E+00  1.837E+01
 8.00E+08  1.043E+02  1.294E+11  4.315E+10  2.354E+00  2.106E+01
 9.00E+08  1.043E+02  1.638E+11  5.461E+10  2.364E+00  2.376E+01
 1.00E+09  1.043E+02  2.021E+11  6.741E+10  2.373E+00  2.646E+01
P10  NUMBER OF INPUT ENERGIES=(106) FOR POSITRONS /.LT.180/
 1.00E+02  1.623E-01  5.623E-01  3.169E-01  5.382E+02  8.046E-05
 1.25E+02  1.805E-01  6.909E-01  3.818E-01  4.979E+02  1.036E-04
 1.50E+02  1.977E-01  8.228E-01  4.476E-01  4.596E+02  1.273E-04
 1.75E+02  2.139E-01  9.584E-01  5.144E-01  4.259E+02  1.512E-04
 2.00E+02  2.295E-01  1.098E+00  5.823E-01  3.965E+02  1.755E-04
 2.50E+02  2.591E-01  1.387E+00  7.219E-01  3.489E+02  2.241E-04
 3.00E+02  2.871E-01  1.691E+00  8.668E-01  3.121E+02  2.724E-04
 3.50E+02  3.141E-01  2.011E+00  1.017E+00  2.829E+02  3.200E-04
 4.00E+02  3.402E-01  2.347E+00  1.173E+00  2.592E+02  3.666E-04
 4.50E+02  3.656E-01  2.697E+00  1.335E+00  2.395E+02  4.116E-04
 5.00E+02  3.904E-01  3.061E+00  1.502E+00  2.229E+02  4.552E-04
 6.00E+02  4.388E-01  3.836E+00  1.854E+00  1.963E+02  5.369E-04
 7.00E+02  4.859E-01  4.668E+00  2.228E+00  1.767E+02  6.113E-04
 8.00E+02  5.319E-01  5.558E+00  2.624E+00  1.608E+02  6.782E-04
 9.00E+02  5.772E-01  6.502E+00  3.043E+00  1.478E+02  7.378E-04
 1.00E+03  6.220E-01  7.504E+00  3.484E+00  1.370E+02  7.903E-04
 1.25E+03  7.315E-01  1.024E+01  4.678E+00  1.177E+02  8.936E-04
 1.50E+03  8.391E-01  1.331E+01  6.003E+00  1.043E+02  9.808E-04
 1.75E+03  9.454E-01  1.671E+01  7.455E+00  9.362E+01  1.056E-03
 2.00E+03  1.050E+00  2.042E+01  9.032E+00  8.503E+01  1.123E-03
 2.50E+03  1.258E+00  2.876E+01  1.255E+01  7.213E+01  1.236E-03
 3.00E+03  1.464E+00  3.830E+01  1.653E+01  6.290E+01  1.331E-03
 3.50E+03  1.667E+00  4.900E+01  2.097E+01  5.593E+01  1.411E-03
 4.00E+03  1.870E+00  6.084E+01  2.586E+01  5.047E+01  1.481E-03
 4.50E+03  2.072E+00  7.380E+01  3.118E+01  4.607E+01  1.544E-03
 5.00E+03  2.271E+00  8.784E+01  3.692E+01  4.244E+01  1.599E-03
 6.00E+03  2.670E+00  1.192E+02  4.965E+01  3.678E+01  1.697E-03
 7.00E+03  3.065E+00  1.546E+02  6.398E+01  3.257E+01  1.778E-03
 8.00E+03  3.457E+00  1.943E+02  7.989E+01  2.930E+01  1.850E-03
 9.00E+03  3.847E+00  2.378E+02  9.732E+01  2.668E+01  1.912E-03
 1.00E+04  4.234E+00  2.853E+02  1.163E+02  2.453E+01  1.968E-03
 1.25E+04  5.191E+00  4.206E+02  1.699E+02  2.053E+01  2.085E-03
 1.50E+04  6.134E+00  5.789E+02  2.322E+02  1.775E+01  2.181E-03
 1.75E+04  7.063E+00  7.594E+02  3.030E+02  1.569E+01  2.261E-03
 2.00E+04  7.980E+00  9.615E+02  3.818E+02  1.411E+01  2.330E-03
 2.50E+04  9.772E+00  1.428E+03  5.627E+02  1.182E+01  2.445E-03
 3.00E+04  1.152E+01  1.975E+03  7.731E+02  1.024E+01  2.539E-03
 3.50E+04  1.321E+01  2.597E+03  1.012E+03  9.084E+00  2.621E-03
 4.00E+04  1.486E+01  3.292E+03  1.277E+03  8.195E+00  2.693E-03
 4.50E+04  1.646E+01  4.057E+03  1.567E+03  7.491E+00  2.757E-03
 5.00E+04  1.803E+01  4.890E+03  1.883E+03  6.919E+00  2.817E-03
 6.00E+04  2.103E+01  6.749E+03  2.583E+03  6.045E+00  2.924E-03
 7.00E+04  2.387E+01  8.852E+03  3.372E+03  5.407E+00  3.020E-03
 8.00E+04  2.658E+01  1.119E+04  4.242E+03  4.921E+00  3.110E-03
 9.00E+04  2.915E+01  1.373E+04  5.189E+03  4.538E+00  3.194E-03
 1.00E+05  3.159E+01  1.649E+04  6.207E+03  4.228E+00  3.276E-03
 1.25E+05  3.710E+01  2.420E+04  9.048E+03  3.664E+00  3.471E-03
 1.50E+05  4.208E+01  3.298E+04  1.226E+04  3.284E+00  3.658E-03
 1.75E+05  4.653E+01  4.273E+04  1.580E+04  3.012E+00  3.842E-03
 2.00E+05  5.052E+01  5.334E+04  1.963E+04  2.807E+00  4.027E-03
 2.50E+05  5.735E+01  7.690E+04  2.810E+04  2.523E+00  4.402E-03
 3.00E+05  6.296E+01  1.032E+05  3.750E+04  2.338E+00  4.792E-03
 3.50E+05  6.763E+01  1.319E+05  4.772E+04  2.209E+00  5.203E-03
 4.00E+05  7.154E+01  1.627E+05  5.866E+04  2.115E+00  5.631E-03
 4.50E+05  7.486E+01  1.956E+05  7.027E+04  2.046E+00  6.076E-03
 5.00E+05  7.769E+01  2.303E+05  8.252E+04  1.992E+00  6.538E-03
 6.00E+05  8.227E+01  3.049E+05  1.088E+05  1.915E+00  7.516E-03
 7.00E+05  8.574E+01  3.859E+05  1.372E+05  1.865E+00  8.547E-03
 8.00E+05  8.848E+01  4.731E+05  1.677E+05  1.831E+00  9.630E-03
 9.00E+05  9.062E+01  5.661E+05  2.002E+05  1.807E+00  1.076E-02
 1.00E+06  9.238E+01  6.646E+05  2.346E+05  1.790E+00  1.194E-02
 1.25E+06  9.553E+01  9.352E+05  3.290E+05  1.766E+00  1.505E-02
 1.50E+06  9.756E+01  1.239E+06  4.348E+05  1.756E+00  1.838E-02
 1.75E+06  9.897E+01  1.575E+06  5.517E+05  1.754E+00  2.189E-02
 2.00E+06  9.998E+01  1.943E+06  6.795E+05  1.756E+00  2.556E-02
 2.50E+06  1.013E+02  2.772E+06  9.675E+05  1.764E+00  3.328E-02
 3.00E+06  1.021E+02  3.723E+06  1.297E+06  1.775E+00  4.141E-02
 3.50E+06  1.026E+02  4.795E+06  1.668E+06  1.787E+00  4.990E-02
 4.00E+06  1.030E+02  5.984E+06  2.080E+06  1.798E+00  5.868E-02
 4.50E+06  1.032E+02  7.291E+06  2.533E+06  1.809E+00  6.772E-02
 5.00E+06  1.034E+02  8.711E+06  3.023E+06  1.819E+00  7.698E-02
 6.00E+06  1.036E+02  1.187E+07  4.114E+06  1.837E+00  9.604E-02
 7.00E+06  1.038E+02  1.552E+07  5.374E+06  1.854E+00  1.158E-01
 8.00E+06  1.039E+02  1.959E+07  6.777E+06  1.868E+00  1.360E-01
 9.00E+06  1.040E+02  2.409E+07  8.327E+06  1.881E+00  1.568E-01
 1.00E+07  1.040E+02  2.902E+07  1.003E+07  1.893E+00  1.779E-01
 1.25E+07  1.041E+02  4.318E+07  1.490E+07  1.918E+00  2.320E-01
 1.50E+07  1.042E+02  5.994E+07  2.066E+07  1.938E+00  2.877E-01
 1.75E+07  1.042E+02  7.924E+07  2.729E+07  1.955E+00  3.446E-01
 2.00E+07  1.042E+02  1.011E+08  3.477E+07  1.969E+00  4.024E-01
 2.50E+07  1.043E+02  1.522E+08  5.228E+07  1.993E+00  5.199E-01
 3.00E+07  1.043E+02  2.132E+08  7.311E+07  2.011E+00  6.396E-01
 3.50E+07  1.043E+02  2.838E+08  9.725E+07  2.026E+00  7.610E-01
 4.00E+07  1.043E+02  3.643E+08  1.246E+08  2.039E+00  8.835E-01
 4.50E+07  1.043E+02  4.545E+08  1.553E+08  2.050E+00  1.007E+00
 5.00E+07  1.043E+02  5.544E+08  1.892E+08  2.060E+00  1.131E+00
 6.00E+07  1.043E+02  7.836E+08  2.668E+08  2.077E+00  1.382E+00
 7.00E+07  1.043E+02  1.052E+09  3.575E+08  2.091E+00  1.635E+00
 8.00E+07  1.043E+02  1.360E+09  4.613E+08  2.103E+00  1.889E+00
 9.00E+07  1.043E+02  1.708E+09  5.781E+08  2.113E+00  2.145E+00
 1.00E+08  1.043E+02  2.096E+09  7.082E+08  2.122E+00  2.402E+00
 1.25E+08  1.043E+02  3.242E+09  1.092E+09  2.142E+00  3.049E+00
 1.50E+08  1.043E+02  4.641E+09  1.559E+09  2.157E+00  3.701E+00
 1.75E+08  1.043E+02  6.292E+09  2.109E+09  2.170E+00  4.355E+00
 2.00E+08  1.043E+02  8.196E+09  2.744E+09  2.182E+00  5.013E+00
 2.50E+08  1.043E+02  1.276E+10  4.266E+09  2.201E+00  6.333E+00
 3.00E+08  1.043E+02  1.834E+10  6.125E+09  2.216E+00  7.660E+00
 3.50E+08  1.043E+02  2.493E+10  8.320E+09  2.229E+00  8.991E+00
 4.00E+08  1.043E+02  3.252E+10  1.085E+10  2.241E+00  1.033E+01
 4.50E+08  1.043E+02  4.112E+10  1.372E+10  2.251E+00  1.166E+01
 5.00E+08  1.043E+02  5.074E+10  1.693E+10  2.259E+00  1.300E+01
 6.00E+08  1.043E+02  7.300E+10  2.435E+10  2.275E+00  1.569E+01
 7.00E+08  1.043E+02  9.931E+10  3.311E+10  2.288E+00  1.837E+01
 8.00E+08  1.043E+02  1.296E+11  4.322E+10  2.299E+00  2.106E+01
 9.00E+08  1.043E+02  1.640E+11  5.468E+10  2.309E+00  2.376E+01
 1.00E+09  1.043E+02  2.024E+11  6.750E+10  2.318E+00  2.646E+01
P12  NUMBER OF INPUT ENERGIES=(128) FOR PHOTONS /.LT.400/
 1.000E+03  1.350E+00  1.057E-02  3.819E+03  1.000E-35
 1.010E+03  1.348E+00  1.088E-02  3.721E+03  1.000E-35
 1.020E+03  1.346E+00  1.119E-02  3.625E+03  1.000E-35
 1.020E+03  1.346E+00  1.119E-02  3.625E+03  1.000E-35
 1.031E+03  1.344E+00  1.155E-02  3.518E+03  1.000E-35
 1.035E+03  1.343E+00  1.169E-02  3.480E+03  1.000E-35
 1.043E+03  1.342E+00  1.193E-02  3.414E+03  1.000E-35
 1.043E+03  1.342E+00  1.193E-02  3.414E+03  1.000E-35
 1.072E+03  1.336E+00  1.288E-02  3.171E+03  1.000E-35
 1.072E+03  1.336E+00  1.288E-02  3.175E+03  1.000E-35
 1.116E+03  1.328E+00  1.433E-02  2.854E+03  1.000E-35
 1.194E+03  1.312E+00  1.700E-02  2.384E+03  1.000E-35
 1.194E+03  1.312E+00  1.700E-02  2.384E+03  1.000E-35
 1.250E+03  1.300E+00  1.898E-02  2.107E+03  1.000E-35
 1.305E+03  1.289E+00  2.095E-02  1.875E+03  1.000E-35
 1.305E+03  1.289E+00  2.095E-02  1.876E+03  1.000E-35
 1.500E+03  1.245E+00  2.809E-02  1.285E+03  1.000E-35
 1.750E+03  1.185E+00  3.730E-02  8.379E+02  1.000E-35
 2.000E+03  1.123E+00  4.630E-02  5.749E+02  1.000E-35
 2.146E+03  1.086E+00  5.137E-02  4.702E+02  1.000E-35
 2.146E+03  1.086E+00  5.137E-02  4.742E+02  1.000E-35
 2.472E+03  1.005E+00  6.216E-02  3.163E+02  1.000E-35
 2.472E+03  1.005E+00  6.216E-02  3.208E+02  1.000E-35
 2.500E+03  9.981E-01  6.304E-02  3.107E+02  1.000E-35
 2.822E+03  9.210E-01  7.274E-02  2.187E+02  1.000E-35
 2.822E+03  9.210E-01  7.274E-02  2.199E+02  1.000E-35
 3.000E+03  8.804E-01  7.771E-02  1.844E+02  1.000E-35
 3.500E+03  7.749E-01  9.031E-02  1.173E+02  1.000E-35
 3.607E+03  7.540E-01  9.276E-02  1.073E+02  1.000E-35
 3.607E+03  7.540E-01  9.276E-02  1.105E+02  1.000E-35
 4.000E+03  6.830E-01  1.011E-01  8.144E+01  1.000E-35
 4.038E+03  6.766E-01  1.018E-01  7.917E+01  1.000E-35
 4.038E+03  6.766E-01  1.018E-01  7.920E+01  1.000E-35
 4.500E+03  6.044E-01  1.102E-01  5.739E+01  1.000E-35
 5.000E+03  5.378E-01  1.180E-01  4.187E+01  1.000E-35
 6.000E+03  4.334E-01  1.305E-01  2.413E+01  1.000E-35
 7.000E+03  3.578E-01  1.398E-01  1.509E+01  1.000E-35
 7.112E+03  3.506E-01  1.407E-01  1.437E+01  1.000E-35
 7.112E+03  3.506E-01  1.407E-01  1.438E+01  1.000E-35
 8.000E+03  3.016E-01  1.470E-01  1.002E+01  1.000E-35
 9.000E+03  2.587E-01  1.527E-01  6.965E+00  1.000E-35
 9.659E+03  2.359E-01  1.559E-01  5.593E+00  1.000E-35
 9.659E+03  2.359E-01  1.559E-01  5.604E+00  1.000E-35
 1.000E+04  2.253E-01  1.574E-01  5.031E+00  1.000E-35
 1.250E+04  1.675E-01  1.661E-01  2.502E+00  1.000E-35
 1.500E+04  1.307E-01  1.721E-01  1.407E+00  1.000E-35
 1.750E+04  1.054E-01  1.763E-01  8.621E-01  1.000E-35
 2.000E+04  8.682E-02  1.792E-01  5.627E-01  1.000E-35
 2.500E+04  6.179E-02  1.826E-01  2.746E-01  1.000E-35
 3.000E+04  4.605E-02  1.838E-01  1.522E-01  1.000E-35
 3.500E+04  3.555E-02  1.837E-01  9.227E-02  1.000E-35
 4.000E+04  2.825E-02  1.828E-01  5.971E-02  1.000E-35
 4.500E+04  2.297E-02  1.815E-01  4.064E-02  1.000E-35
 5.000E+04  1.904E-02  1.799E-01  2.879E-02  1.000E-35
 6.000E+04  1.369E-02  1.763E-01  1.583E-02  1.000E-35
 7.000E+04  1.031E-02  1.724E-01  9.543E-03  1.000E-35
 8.000E+04  8.039E-03  1.686E-01  6.155E-03  1.000E-35
 9.000E+04  6.438E-03  1.649E-01  4.181E-03  1.000E-35
 1.000E+05  5.269E-03  1.614E-01  2.959E-03  1.000E-35
 1.250E+05  3.430E-03  1.532E-01  1.426E-03  1.000E-35
 1.500E+05  2.406E-03  1.460E-01  7.883E-04  1.000E-35
 1.750E+05  1.779E-03  1.397E-01  4.793E-04  1.000E-35
 2.000E+05  1.368E-03  1.341E-01  3.128E-04  1.000E-35
 2.500E+05  8.800E-04  1.246E-01  1.552E-04  1.000E-35
 3.000E+05  6.129E-04  1.168E-01  8.884E-05  1.000E-35
 3.500E+05  4.511E-04  1.102E-01  5.614E-05  1.000E-35
 4.000E+05  3.457E-04  1.047E-01  3.814E-05  1.000E-35
 4.500E+05  2.734E-04  9.985E-02  2.740E-05  1.000E-35
 5.000E+05  2.216E-04  9.561E-02  2.060E-05  1.000E-35
 6.000E+05  1.540E-04  8.846E-02  1.284E-05  1.000E-35
 7.000E+05  1.132E-04  8.262E-02  8.692E-06  1.000E-35
 8.000E+05  8.668E-05  7.773E-02  6.486E-06  1.000E-35
 9.000E+05  6.851E-05  7.353E-02  5.222E-06  1.000E-35
 1.000E+06  5.550E-05  6.988E-02  4.032E-06  1.000E-35
 1.022E+06  5.314E-05  6.913E-02  3.766E-06  1.000E-35
 1.250E+06  3.553E-05  6.247E-02  2.556E-06  1.753E-05
 1.500E+06  2.467E-05  5.677E-02  1.853E-06  9.685E-05
 1.750E+06  1.813E-05  5.219E-02  1.431E-06  2.261E-04
 2.000E+06  1.388E-05  4.842E-02  1.163E-06  3.854E-04
 2.044E+06  1.329E-05  4.783E-02  1.125E-06  4.153E-04
 2.500E+06  8.884E-06  4.252E-02  8.354E-07  7.423E-04
 3.000E+06  6.170E-06  3.808E-02  6.480E-07  1.115E-03
 3.500E+06  4.533E-06  3.458E-02  5.275E-07  1.484E-03
 4.000E+06  3.471E-06  3.175E-02  4.439E-07  1.841E-03
 4.500E+06  2.742E-06  2.940E-02  3.828E-07  2.181E-03
 5.000E+06  2.221E-06  2.742E-02  3.362E-07  2.505E-03
 6.000E+06  1.542E-06  2.423E-02  2.700E-07  3.112E-03
 7.000E+06  1.133E-06  2.177E-02  2.254E-07  3.658E-03
 8.000E+06  8.677E-07  1.981E-02  1.933E-07  4.153E-03
 9.000E+06  6.856E-07  1.821E-02  1.692E-07  4.608E-03
 1.000E+07  5.553E-07  1.687E-02  1.504E-07  5.021E-03
 1.100E+07  4.589E-07  1.573E-02  1.353E-07  5.400E-03
 1.200E+07  3.856E-07  1.475E-02  1.230E-07  5.749E-03
 1.300E+07  3.286E-07  1.390E-02  1.127E-07  6.075E-03
 1.400E+07  2.833E-07  1.314E-02  1.040E-07  6.379E-03
 1.500E+07  2.468E-07  1.248E-02  9.653E-08  6.663E-03
 1.600E+07  2.169E-07  1.188E-02  9.006E-08  6.932E-03
 1.800E+07  1.714E-07  1.086E-02  7.943E-08  7.424E-03
 2.000E+07  1.388E-07  1.001E-02  7.102E-08  7.866E-03
 2.200E+07  1.147E-07  9.293E-03  6.423E-08  8.270E-03
 2.400E+07  9.641E-08  8.682E-03  5.861E-08  8.638E-03
 2.600E+07  8.214E-08  8.152E-03  5.390E-08  8.975E-03
 2.800E+07  7.083E-08  7.688E-03  4.988E-08  9.288E-03
 3.000E+07  6.170E-08  7.278E-03  4.644E-08  9.578E-03
 3.500E+07  4.533E-08  6.434E-03  3.959E-08  1.022E-02
 4.000E+07  3.471E-08  5.778E-03  3.449E-08  1.077E-02
 4.500E+07  2.742E-08  5.252E-03  3.055E-08  1.125E-02
 5.000E+07  2.221E-08  4.819E-03  2.743E-08  1.168E-02
 6.000E+07  1.542E-08  4.150E-03  2.277E-08  1.240E-02
 7.000E+07  1.133E-08  3.653E-03  1.946E-08  1.299E-02
 8.000E+07  8.677E-09  3.269E-03  1.699E-08  1.350E-02
 9.000E+07  6.856E-09  2.963E-03  1.508E-08  1.393E-02
 1.000E+08  5.553E-09  2.712E-03  1.355E-08  1.431E-02
 1.250E+08  3.554E-09  2.247E-03  1.081E-08  1.508E-02
 1.500E+08  2.468E-09  1.925E-03  8.996E-09  1.567E-02
 1.750E+08  1.813E-09  1.688E-03  7.704E-09  1.613E-02
 2.000E+08  1.388E-09  1.506E-03  6.735E-09  1.652E-02
 2.500E+08  8.885E-10  1.243E-03  5.381E-09  1.711E-02
 3.000E+08  6.170E-10  1.062E-03  4.480E-09  1.755E-02
 3.500E+08  4.533E-10  9.288E-04  3.838E-09  1.789E-02
 4.000E+08  3.471E-10  8.270E-04  3.357E-09  1.817E-02
 4.500E+08  2.742E-10  7.462E-04  2.983E-09  1.839E-02
 5.000E+08  2.221E-10  6.806E-04  2.684E-09  1.858E-02
 6.000E+08  1.542E-10  5.801E-04  2.236E-09  1.888E-02
 7.000E+08  1.133E-10  5.066E-04  1.916E-09  1.911E-02
 8.000E+08  8.677E-11  4.503E-04  1.676E-09  1.929E-02
 9.000E+08  6.856E-11  4.058E-04  1.490E-09  1.943E-02
 1.000E+09  5.553E-11  3.697E-04  1.340E-09  1.956E-02
