P1   MATERIAL:(MuscleStriated                            -DBASE)
P2   MASS DENSITY=( 1.0400E+00) g/cm**3
P3   NUMBER OF ELEMENTS IN THE MOLECULE=( 9) /.LE.15/
P4+  ATOMIC NUMBER=( 1),ATOMS/MOLECULE=( 6.331110E-01)
P4+  ATOMIC NUMBER=( 6),ATOMS/MOLECULE=( 6.406720E-02)
P4+  ATOMIC NUMBER=( 7),ATOMS/MOLECULE=( 1.563300E-02)
P4+  ATOMIC NUMBER=( 8),ATOMS/MOLECULE=( 2.850600E-01)
P4+  ATOMIC NUMBER=(11),ATOMS/MOLECULE=( 2.177040E-04)
P4+  ATOMIC NUMBER=(12),ATOMS/MOLECULE=( 5.148070E-05)
P4+  ATOMIC NUMBER=(15),ATOMS/MOLECULE=( 4.039670E-04)
P4+  ATOMIC NUMBER=(16),ATOMS/MOLECULE=( 9.757000E-04)
P4+  ATOMIC NUMBER=(19),ATOMS/MOLECULE=( 4.800360E-04)
P5   MEAN EXCITATION ENERGY=(   74.70) eV
P6   NUMBER OF OSCILLATORS=(29) /.LE.30/
P7+  ( 4.800360E-04, 4.000000E+00, 2.460E+00, 0) OSCILLATOR DATA
P7+  ( 2.177040E-04, 5.000000E+00, 2.070E+00, 0) OSCILLATOR DATA
P7+  ( 1.029614E-04, 8.000000E+00, 1.590E+00, 0) OSCILLATOR DATA
P7+  ( 5.114701E-03, 1.000000E+01, 5.700E-01, 0) OSCILLATOR DATA
P7+  ( 2.562688E-01, 1.100000E+01, 6.460E-01, 0) OSCILLATOR DATA
P7+  ( 1.820250E+00, 1.400000E+01, 5.250E-01, 0) OSCILLATOR DATA
P7+  ( 3.126600E-02, 1.500000E+01, 6.720E-01, 0) OSCILLATOR DATA
P7+  ( 2.759334E-03, 1.600000E+01, 8.242E-01, 0) OSCILLATOR DATA
P7+  ( 2.880216E-03, 1.800000E+01, 3.760E-01, 0) OSCILLATOR DATA
P7+  ( 5.701200E-01, 2.400000E+01, 5.790E-01, 0) OSCILLATOR DATA
P7+  ( 1.306224E-03, 3.100000E+01, 2.250E-01, 0) OSCILLATOR DATA
P7+  ( 9.600720E-04, 3.500000E+01, 5.700E-01, 0) OSCILLATOR DATA
P7+  ( 3.088842E-04, 4.900000E+01, 1.920E-01, 0) OSCILLATOR DATA
P7+  ( 4.354080E-04, 6.300000E+01, 3.900E-01, 0) OSCILLATOR DATA
P7+  ( 1.029614E-04, 8.900000E+01, 3.420E-01, 0) OSCILLATOR DATA
P7+  ( 2.423802E-03, 1.353325E+02, 1.340E-01, 0) OSCILLATOR DATA
P7+  ( 5.854200E-03, 1.643327E+02, 1.220E-01, 0) OSCILLATOR DATA
P7+  ( 8.079340E-04, 1.890000E+02, 2.510E-01, 0) OSCILLATOR DATA
P7+  ( 1.951400E-03, 2.290000E+02, 2.300E-01, 0) OSCILLATOR DATA
P7+  ( 1.281344E-01, 2.850000E+02, 1.530E-01, 0) OSCILLATOR DATA
P7+  ( 2.880216E-03, 2.956652E+02, 9.650E-02, 0) OSCILLATOR DATA
P7+  ( 9.600720E-04, 3.790000E+02, 1.850E-01, 0) OSCILLATOR DATA
P7+  ( 3.126600E-02, 4.100000E+02, 1.300E-01, 7) OSCILLATOR DATA
P7+  ( 5.701200E-01, 5.430000E+02, 1.130E-01, 8) OSCILLATOR DATA
P7+  ( 4.354080E-04, 1.072000E+03, 8.150E-02,11) OSCILLATOR DATA
P7+  ( 1.029614E-04, 1.303000E+03, 7.450E-02,12) OSCILLATOR DATA
P7+  ( 8.079340E-04, 2.149000E+03, 5.920E-02,15) OSCILLATOR DATA
P7+  ( 1.951400E-03, 2.472000E+03, 5.530E-02,16) OSCILLATOR DATA
P7+  ( 9.600720E-04, 3.608000E+03, 4.640E-02,19) OSCILLATOR DATA
P8   NUMBER OF INPUT ENERGIES=(106) FOR ELECTRONS /.LT.180/
 1.00E+02  9.291E-02  1.727E-01  1.811E-01  4.175E+02  6.229E-04
 1.25E+02  1.097E-01  2.268E-01  2.192E-01  3.932E+02  7.378E-04
 1.50E+02  1.253E-01  2.858E-01  2.569E-01  3.679E+02  8.473E-04
 1.75E+02  1.399E-01  3.497E-01  2.950E-01  3.442E+02  9.516E-04
 2.00E+02  1.539E-01  4.182E-01  3.341E-01  3.230E+02  1.052E-03
 2.50E+02  1.802E-01  5.685E-01  4.163E-01  2.877E+02  1.241E-03
 3.00E+02  2.051E-01  7.361E-01  5.045E-01  2.598E+02  1.416E-03
 3.50E+02  2.289E-01  9.201E-01  5.988E-01  2.372E+02  1.578E-03
 4.00E+02  2.520E-01  1.120E+00  6.994E-01  2.187E+02  1.728E-03
 4.50E+02  2.746E-01  1.336E+00  8.062E-01  2.032E+02  1.866E-03
 5.00E+02  2.967E-01  1.568E+00  9.192E-01  1.899E+02  1.993E-03
 6.00E+02  3.402E-01  2.077E+00  1.164E+00  1.684E+02  2.218E-03
 7.00E+02  3.829E-01  2.645E+00  1.432E+00  1.526E+02  2.406E-03
 8.00E+02  4.250E-01  3.272E+00  1.724E+00  1.395E+02  2.562E-03
 9.00E+02  4.667E-01  3.955E+00  2.038E+00  1.286E+02  2.691E-03
 1.00E+03  5.082E-01  4.695E+00  2.374E+00  1.196E+02  2.794E-03
 1.25E+03  6.109E-01  6.786E+00  3.314E+00  1.033E+02  2.962E-03
 1.50E+03  7.128E-01  9.212E+00  4.387E+00  9.183E+01  3.088E-03
 1.75E+03  8.142E-01  1.196E+01  5.590E+00  8.254E+01  3.186E-03
 2.00E+03  9.151E-01  1.503E+01  6.920E+00  7.507E+01  3.265E-03
 2.50E+03  1.116E+00  2.211E+01  9.947E+00  6.389E+01  3.384E-03
 3.00E+03  1.316E+00  3.038E+01  1.345E+01  5.597E+01  3.473E-03
 3.50E+03  1.515E+00  3.983E+01  1.741E+01  4.995E+01  3.538E-03
 4.00E+03  1.714E+00  5.042E+01  2.183E+01  4.521E+01  3.589E-03
 4.50E+03  1.912E+00  6.213E+01  2.667E+01  4.137E+01  3.631E-03
 5.00E+03  2.109E+00  7.493E+01  3.194E+01  3.820E+01  3.664E-03
 6.00E+03  2.502E+00  1.038E+02  4.373E+01  3.324E+01  3.715E-03
 7.00E+03  2.892E+00  1.368E+02  5.714E+01  2.953E+01  3.751E-03
 8.00E+03  3.281E+00  1.738E+02  7.211E+01  2.663E+01  3.781E-03
 9.00E+03  3.666E+00  2.148E+02  8.860E+01  2.431E+01  3.801E-03
 1.00E+04  4.050E+00  2.597E+02  1.066E+02  2.240E+01  3.817E-03
 1.25E+04  4.999E+00  3.886E+02  1.578E+02  1.883E+01  3.845E-03
 1.50E+04  5.935E+00  5.403E+02  2.177E+02  1.634E+01  3.863E-03
 1.75E+04  6.857E+00  7.138E+02  2.860E+02  1.450E+01  3.874E-03
 2.00E+04  7.766E+00  9.088E+02  3.621E+02  1.307E+01  3.882E-03
 2.50E+04  9.548E+00  1.360E+03  5.374E+02  1.101E+01  3.895E-03
 3.00E+04  1.128E+01  1.889E+03  7.418E+02  9.576E+00  3.904E-03
 3.50E+04  1.297E+01  2.493E+03  9.738E+02  8.523E+00  3.917E-03
 4.00E+04  1.460E+01  3.169E+03  1.232E+03  7.713E+00  3.929E-03
 4.50E+04  1.620E+01  3.914E+03  1.516E+03  7.071E+00  3.941E-03
 5.00E+04  1.775E+01  4.723E+03  1.823E+03  6.549E+00  3.956E-03
 6.00E+04  2.074E+01  6.532E+03  2.506E+03  5.749E+00  3.986E-03
 7.00E+04  2.356E+01  8.580E+03  3.275E+03  5.164E+00  4.022E-03
 8.00E+04  2.625E+01  1.085E+04  4.123E+03  4.718E+00  4.061E-03
 9.00E+04  2.881E+01  1.333E+04  5.047E+03  4.366E+00  4.104E-03
 1.00E+05  3.124E+01  1.600E+04  6.040E+03  4.081E+00  4.150E-03
 1.25E+05  3.692E+01  2.361E+04  8.844E+03  3.561E+00  4.276E-03
 1.50E+05  4.188E+01  3.217E+04  1.198E+04  3.210E+00  4.412E-03
 1.75E+05  4.632E+01  4.166E+04  1.544E+04  2.958E+00  4.558E-03
 2.00E+05  5.028E+01  5.198E+04  1.918E+04  2.769E+00  4.715E-03
 2.50E+05  5.708E+01  7.489E+04  2.745E+04  2.506E+00  5.049E-03
 3.00E+05  6.266E+01  1.004E+05  3.661E+04  2.335E+00  5.414E-03
 3.50E+05  6.731E+01  1.283E+05  4.657E+04  2.216E+00  5.808E-03
 4.00E+05  7.120E+01  1.583E+05  5.724E+04  2.129E+00  6.227E-03
 4.50E+05  7.451E+01  1.901E+05  6.857E+04  2.065E+00  6.667E-03
 5.00E+05  7.732E+01  2.239E+05  8.050E+04  2.015E+00  7.128E-03
 6.00E+05  8.188E+01  2.963E+05  1.061E+05  1.944E+00  8.109E-03
 7.00E+05  8.534E+01  3.750E+05  1.339E+05  1.898E+00  9.148E-03
 8.00E+05  8.806E+01  4.597E+05  1.636E+05  1.867E+00  1.024E-02
 9.00E+05  9.020E+01  5.501E+05  1.954E+05  1.845E+00  1.139E-02
 1.00E+06  9.194E+01  6.460E+05  2.290E+05  1.830E+00  1.257E-02
 1.25E+06  9.508E+01  9.091E+05  3.212E+05  1.810E+00  1.572E-02
 1.50E+06  9.710E+01  1.205E+06  4.247E+05  1.802E+00  1.908E-02
 1.75E+06  9.851E+01  1.532E+06  5.391E+05  1.802E+00  2.263E-02
 2.00E+06  9.951E+01  1.892E+06  6.643E+05  1.804E+00  2.632E-02
 2.50E+06  1.008E+02  2.700E+06  9.465E+05  1.814E+00  3.408E-02
 3.00E+06  1.016E+02  3.631E+06  1.270E+06  1.826E+00  4.224E-02
 3.50E+06  1.021E+02  4.678E+06  1.634E+06  1.839E+00  5.075E-02
 4.00E+06  1.025E+02  5.841E+06  2.039E+06  1.851E+00  5.954E-02
 4.50E+06  1.027E+02  7.120E+06  2.482E+06  1.862E+00  6.858E-02
 5.00E+06  1.029E+02  8.511E+06  2.965E+06  1.873E+00  7.783E-02
 6.00E+06  1.032E+02  1.163E+07  4.045E+06  1.892E+00  9.686E-02
 7.00E+06  1.033E+02  1.518E+07  5.276E+06  1.909E+00  1.165E-01
 8.00E+06  1.034E+02  1.917E+07  6.657E+06  1.923E+00  1.367E-01
 9.00E+06  1.035E+02  2.358E+07  8.183E+06  1.937E+00  1.574E-01
 1.00E+07  1.036E+02  2.843E+07  9.853E+06  1.948E+00  1.784E-01
 1.25E+07  1.036E+02  4.233E+07  1.465E+07  1.974E+00  2.323E-01
 1.50E+07  1.037E+02  5.879E+07  2.034E+07  1.994E+00  2.877E-01
 1.75E+07  1.037E+02  7.777E+07  2.687E+07  2.011E+00  3.443E-01
 2.00E+07  1.037E+02  9.925E+07  3.425E+07  2.026E+00  4.018E-01
 2.50E+07  1.038E+02  1.495E+08  5.153E+07  2.049E+00  5.188E-01
 3.00E+07  1.038E+02  2.095E+08  7.211E+07  2.068E+00  6.380E-01
 3.50E+07  1.038E+02  2.793E+08  9.598E+07  2.083E+00  7.589E-01
 4.00E+07  1.038E+02  3.587E+08  1.231E+08  2.096E+00  8.808E-01
 4.50E+07  1.038E+02  4.478E+08  1.534E+08  2.108E+00  1.004E+00
 5.00E+07  1.038E+02  5.465E+08  1.870E+08  2.118E+00  1.127E+00
 6.00E+07  1.038E+02  7.732E+08  2.640E+08  2.134E+00  1.377E+00
 7.00E+07  1.038E+02  1.039E+09  3.538E+08  2.148E+00  1.629E+00
 8.00E+07  1.038E+02  1.345E+09  4.568E+08  2.160E+00  1.883E+00
 9.00E+07  1.038E+02  1.690E+09  5.729E+08  2.171E+00  2.138E+00
 1.00E+08  1.038E+02  2.076E+09  7.023E+08  2.180E+00  2.394E+00
 1.25E+08  1.038E+02  3.218E+09  1.084E+09  2.199E+00  3.039E+00
 1.50E+08  1.038E+02  4.613E+09  1.550E+09  2.215E+00  3.688E+00
 1.75E+08  1.038E+02  6.262E+09  2.101E+09  2.228E+00  4.341E+00
 2.00E+08  1.038E+02  8.165E+09  2.736E+09  2.240E+00  4.996E+00
 2.50E+08  1.038E+02  1.273E+10  4.257E+09  2.259E+00  6.312E+00
 3.00E+08  1.038E+02  1.832E+10  6.118E+09  2.274E+00  7.635E+00
 3.50E+08  1.038E+02  2.491E+10  8.317E+09  2.287E+00  8.961E+00
 4.00E+08  1.038E+02  3.252E+10  1.086E+10  2.299E+00  1.029E+01
 4.50E+08  1.038E+02  4.115E+10  1.373E+10  2.309E+00  1.162E+01
 5.00E+08  1.038E+02  5.080E+10  1.694E+10  2.317E+00  1.296E+01
 6.00E+08  1.038E+02  7.312E+10  2.439E+10  2.333E+00  1.563E+01
 7.00E+08  1.038E+02  9.951E+10  3.319E+10  2.346E+00  1.831E+01
 8.00E+08  1.038E+02  1.300E+11  4.334E+10  2.357E+00  2.099E+01
 9.00E+08  1.038E+02  1.645E+11  5.484E+10  2.367E+00  2.368E+01
 1.00E+09  1.038E+02  2.030E+11  6.770E+10  2.376E+00  2.637E+01
P10  NUMBER OF INPUT ENERGIES=(106) FOR POSITRONS /.LT.180/
 1.00E+02  1.601E-01  5.582E-01  3.142E-01  5.432E+02  8.067E-05
 1.25E+02  1.782E-01  6.865E-01  3.789E-01  5.018E+02  1.039E-04
 1.50E+02  1.952E-01  8.182E-01  4.444E-01  4.628E+02  1.276E-04
 1.75E+02  2.113E-01  9.535E-01  5.111E-01  4.285E+02  1.515E-04
 2.00E+02  2.267E-01  1.093E+00  5.789E-01  3.989E+02  1.758E-04
 2.50E+02  2.561E-01  1.382E+00  7.183E-01  3.507E+02  2.244E-04
 3.00E+02  2.839E-01  1.686E+00  8.631E-01  3.136E+02  2.727E-04
 3.50E+02  3.107E-01  2.007E+00  1.014E+00  2.842E+02  3.203E-04
 4.00E+02  3.366E-01  2.342E+00  1.170E+00  2.604E+02  3.668E-04
 4.50E+02  3.618E-01  2.693E+00  1.332E+00  2.406E+02  4.118E-04
 5.00E+02  3.865E-01  3.058E+00  1.499E+00  2.238E+02  4.553E-04
 6.00E+02  4.346E-01  3.834E+00  1.852E+00  1.971E+02  5.369E-04
 7.00E+02  4.814E-01  4.668E+00  2.226E+00  1.775E+02  6.112E-04
 8.00E+02  5.272E-01  5.560E+00  2.623E+00  1.615E+02  6.779E-04
 9.00E+02  5.723E-01  6.508E+00  3.043E+00  1.484E+02  7.374E-04
 1.00E+03  6.168E-01  7.512E+00  3.485E+00  1.376E+02  7.897E-04
 1.25E+03  7.258E-01  1.026E+01  4.683E+00  1.181E+02  8.926E-04
 1.50E+03  8.329E-01  1.334E+01  6.011E+00  1.047E+02  9.794E-04
 1.75E+03  9.387E-01  1.675E+01  7.468E+00  9.393E+01  1.055E-03
 2.00E+03  1.043E+00  2.047E+01  9.050E+00  8.531E+01  1.121E-03
 2.50E+03  1.250E+00  2.884E+01  1.258E+01  7.236E+01  1.233E-03
 3.00E+03  1.454E+00  3.842E+01  1.658E+01  6.309E+01  1.328E-03
 3.50E+03  1.657E+00  4.916E+01  2.104E+01  5.609E+01  1.407E-03
 4.00E+03  1.859E+00  6.104E+01  2.594E+01  5.062E+01  1.477E-03
 4.50E+03  2.060E+00  7.405E+01  3.127E+01  4.620E+01  1.540E-03
 5.00E+03  2.258E+00  8.815E+01  3.704E+01  4.256E+01  1.595E-03
 6.00E+03  2.655E+00  1.196E+02  4.981E+01  3.689E+01  1.691E-03
 7.00E+03  3.048E+00  1.552E+02  6.421E+01  3.266E+01  1.773E-03
 8.00E+03  3.439E+00  1.950E+02  8.018E+01  2.938E+01  1.844E-03
 9.00E+03  3.827E+00  2.387E+02  9.767E+01  2.675E+01  1.906E-03
 1.00E+04  4.212E+00  2.864E+02  1.167E+02  2.460E+01  1.961E-03
 1.25E+04  5.164E+00  4.222E+02  1.705E+02  2.058E+01  2.078E-03
 1.50E+04  6.103E+00  5.812E+02  2.331E+02  1.779E+01  2.173E-03
 1.75E+04  7.028E+00  7.624E+02  3.042E+02  1.573E+01  2.253E-03
 2.00E+04  7.940E+00  9.653E+02  3.833E+02  1.414E+01  2.321E-03
 2.50E+04  9.724E+00  1.434E+03  5.649E+02  1.185E+01  2.436E-03
 3.00E+04  1.146E+01  1.983E+03  7.761E+02  1.027E+01  2.530E-03
 3.50E+04  1.315E+01  2.608E+03  1.016E+03  9.106E+00  2.612E-03
 4.00E+04  1.479E+01  3.305E+03  1.282E+03  8.215E+00  2.683E-03
 4.50E+04  1.638E+01  4.074E+03  1.574E+03  7.509E+00  2.747E-03
 5.00E+04  1.794E+01  4.910E+03  1.891E+03  6.936E+00  2.807E-03
 6.00E+04  2.093E+01  6.777E+03  2.593E+03  6.059E+00  2.913E-03
 7.00E+04  2.375E+01  8.888E+03  3.385E+03  5.419E+00  3.009E-03
 8.00E+04  2.646E+01  1.123E+04  4.259E+03  4.932E+00  3.098E-03
 9.00E+04  2.901E+01  1.379E+04  5.210E+03  4.548E+00  3.182E-03
 1.00E+05  3.144E+01  1.656E+04  6.232E+03  4.238E+00  3.263E-03
 1.25E+05  3.692E+01  2.430E+04  9.085E+03  3.673E+00  3.457E-03
 1.50E+05  4.188E+01  3.312E+04  1.231E+04  3.292E+00  3.643E-03
 1.75E+05  4.632E+01  4.290E+04  1.586E+04  3.018E+00  3.826E-03
 2.00E+05  5.028E+01  5.356E+04  1.971E+04  2.814E+00  4.011E-03
 2.50E+05  5.708E+01  7.722E+04  2.821E+04  2.529E+00  4.384E-03
 3.00E+05  6.266E+01  1.036E+05  3.766E+04  2.343E+00  4.773E-03
 3.50E+05  6.731E+01  1.325E+05  4.791E+04  2.213E+00  5.182E-03
 4.00E+05  7.120E+01  1.634E+05  5.890E+04  2.120E+00  5.608E-03
 4.50E+05  7.451E+01  1.964E+05  7.056E+04  2.050E+00  6.051E-03
 5.00E+05  7.732E+01  2.312E+05  8.286E+04  1.995E+00  6.512E-03
 6.00E+05  8.188E+01  3.062E+05  1.092E+05  1.918E+00  7.486E-03
 7.00E+05  8.534E+01  3.876E+05  1.378E+05  1.867E+00  8.513E-03
 8.00E+05  8.806E+01  4.751E+05  1.684E+05  1.833E+00  9.592E-03
 9.00E+05  9.020E+01  5.684E+05  2.010E+05  1.809E+00  1.072E-02
 1.00E+06  9.194E+01  6.674E+05  2.356E+05  1.792E+00  1.189E-02
 1.25E+06  9.508E+01  9.391E+05  3.304E+05  1.768E+00  1.499E-02
 1.50E+06  9.710E+01  1.244E+06  4.366E+05  1.758E+00  1.831E-02
 1.75E+06  9.851E+01  1.582E+06  5.540E+05  1.756E+00  2.181E-02
 2.00E+06  9.951E+01  1.951E+06  6.823E+05  1.757E+00  2.546E-02
 2.50E+06  1.008E+02  2.784E+06  9.716E+05  1.766E+00  3.315E-02
 3.00E+06  1.016E+02  3.739E+06  1.303E+06  1.777E+00  4.125E-02
 3.50E+06  1.021E+02  4.816E+06  1.675E+06  1.788E+00  4.971E-02
 4.00E+06  1.025E+02  6.009E+06  2.089E+06  1.800E+00  5.846E-02
 4.50E+06  1.027E+02  7.322E+06  2.543E+06  1.811E+00  6.747E-02
 5.00E+06  1.029E+02  8.749E+06  3.036E+06  1.821E+00  7.669E-02
 6.00E+06  1.032E+02  1.192E+07  4.131E+06  1.839E+00  9.569E-02
 7.00E+06  1.033E+02  1.559E+07  5.397E+06  1.856E+00  1.153E-01
 8.00E+06  1.034E+02  1.968E+07  6.806E+06  1.870E+00  1.355E-01
 9.00E+06  1.035E+02  2.420E+07  8.363E+06  1.883E+00  1.562E-01
 1.00E+07  1.036E+02  2.914E+07  1.007E+07  1.895E+00  1.772E-01
 1.25E+07  1.036E+02  4.337E+07  1.496E+07  1.920E+00  2.311E-01
 1.50E+07  1.037E+02  6.020E+07  2.075E+07  1.940E+00  2.866E-01
 1.75E+07  1.037E+02  7.958E+07  2.741E+07  1.957E+00  3.433E-01
 2.00E+07  1.037E+02  1.015E+08  3.492E+07  1.971E+00  4.009E-01
 2.50E+07  1.038E+02  1.528E+08  5.251E+07  1.995E+00  5.181E-01
 3.00E+07  1.038E+02  2.141E+08  7.343E+07  2.013E+00  6.373E-01
 3.50E+07  1.038E+02  2.851E+08  9.767E+07  2.029E+00  7.583E-01
 4.00E+07  1.038E+02  3.659E+08  1.252E+08  2.042E+00  8.804E-01
 4.50E+07  1.038E+02  4.564E+08  1.560E+08  2.053E+00  1.003E+00
 5.00E+07  1.038E+02  5.568E+08  1.901E+08  2.063E+00  1.127E+00
 6.00E+07  1.038E+02  7.870E+08  2.679E+08  2.079E+00  1.377E+00
 7.00E+07  1.038E+02  1.057E+09  3.591E+08  2.093E+00  1.629E+00
 8.00E+07  1.038E+02  1.366E+09  4.633E+08  2.105E+00  1.882E+00
 9.00E+07  1.038E+02  1.716E+09  5.806E+08  2.115E+00  2.138E+00
 1.00E+08  1.038E+02  2.105E+09  7.113E+08  2.125E+00  2.394E+00
 1.25E+08  1.038E+02  3.256E+09  1.096E+09  2.144E+00  3.039E+00
 1.50E+08  1.038E+02  4.661E+09  1.566E+09  2.160E+00  3.688E+00
 1.75E+08  1.038E+02  6.319E+09  2.118E+09  2.173E+00  4.340E+00
 2.00E+08  1.038E+02  8.231E+09  2.755E+09  2.184E+00  4.996E+00
 2.50E+08  1.038E+02  1.282E+10  4.285E+09  2.203E+00  6.312E+00
 3.00E+08  1.038E+02  1.842E+10  6.151E+09  2.219E+00  7.635E+00
 3.50E+08  1.038E+02  2.503E+10  8.355E+09  2.232E+00  8.961E+00
 4.00E+08  1.038E+02  3.265E+10  1.090E+10  2.243E+00  1.029E+01
 4.50E+08  1.038E+02  4.130E+10  1.378E+10  2.253E+00  1.162E+01
 5.00E+08  1.038E+02  5.096E+10  1.700E+10  2.262E+00  1.296E+01
 6.00E+08  1.038E+02  7.331E+10  2.445E+10  2.278E+00  1.563E+01
 7.00E+08  1.038E+02  9.974E+10  3.325E+10  2.291E+00  1.831E+01
 8.00E+08  1.038E+02  1.302E+11  4.341E+10  2.302E+00  2.099E+01
 9.00E+08  1.038E+02  1.647E+11  5.492E+10  2.312E+00  2.368E+01
 1.00E+09  1.038E+02  2.033E+11  6.779E+10  2.321E+00  2.637E+01
P12  NUMBER OF INPUT ENERGIES=(111) FOR PHOTONS /.LT.400/
 1.000E+03  1.343E+00  1.061E-02  3.762E+03  1.000E-35
 1.035E+03  1.336E+00  1.174E-02  3.428E+03  1.000E-35
 1.072E+03  1.329E+00  1.293E-02  3.123E+03  1.000E-35
 1.072E+03  1.329E+00  1.293E-02  3.128E+03  1.000E-35
 1.250E+03  1.293E+00  1.907E-02  2.075E+03  1.000E-35
 1.305E+03  1.281E+00  2.106E-02  1.846E+03  1.000E-35
 1.305E+03  1.281E+00  2.106E-02  1.847E+03  1.000E-35
 1.500E+03  1.237E+00  2.823E-02  1.265E+03  1.000E-35
 1.750E+03  1.177E+00  3.750E-02  8.246E+02  1.000E-35
 2.000E+03  1.115E+00  4.654E-02  5.656E+02  1.000E-35
 2.146E+03  1.078E+00  5.163E-02  4.626E+02  1.000E-35
 2.146E+03  1.078E+00  5.163E-02  4.670E+02  1.000E-35
 2.472E+03  9.974E-01  6.245E-02  3.115E+02  1.000E-35
 2.472E+03  9.974E-01  6.245E-02  3.208E+02  1.000E-35
 2.500E+03  9.905E-01  6.334E-02  3.107E+02  1.000E-35
 3.000E+03  8.734E-01  7.804E-02  1.837E+02  1.000E-35
 3.500E+03  7.685E-01  9.064E-02  1.170E+02  1.000E-35
 3.607E+03  7.477E-01  9.310E-02  1.069E+02  1.000E-35
 3.607E+03  7.477E-01  9.310E-02  1.101E+02  1.000E-35
 4.000E+03  6.773E-01  1.014E-01  8.122E+01  1.000E-35
 4.500E+03  5.994E-01  1.105E-01  5.724E+01  1.000E-35
 5.000E+03  5.334E-01  1.183E-01  4.177E+01  1.000E-35
 6.000E+03  4.301E-01  1.307E-01  2.409E+01  1.000E-35
 7.000E+03  3.552E-01  1.401E-01  1.507E+01  1.000E-35
 8.000E+03  2.995E-01  1.473E-01  1.000E+01  1.000E-35
 9.000E+03  2.571E-01  1.530E-01  6.954E+00  1.000E-35
 1.000E+04  2.240E-01  1.577E-01  5.014E+00  1.000E-35
 1.250E+04  1.666E-01  1.664E-01  2.494E+00  1.000E-35
 1.500E+04  1.300E-01  1.724E-01  1.403E+00  1.000E-35
 1.750E+04  1.048E-01  1.766E-01  8.597E-01  1.000E-35
 2.000E+04  8.633E-02  1.795E-01  5.612E-01  1.000E-35
 2.500E+04  6.143E-02  1.829E-01  2.739E-01  1.000E-35
 3.000E+04  4.578E-02  1.841E-01  1.519E-01  1.000E-35
 3.500E+04  3.535E-02  1.840E-01  9.206E-02  1.000E-35
 4.000E+04  2.808E-02  1.831E-01  5.959E-02  1.000E-35
 4.500E+04  2.284E-02  1.818E-01  4.056E-02  1.000E-35
 5.000E+04  1.893E-02  1.801E-01  2.873E-02  1.000E-35
 6.000E+04  1.361E-02  1.765E-01  1.580E-02  1.000E-35
 7.000E+04  1.025E-02  1.727E-01  9.524E-03  1.000E-35
 8.000E+04  7.991E-03  1.688E-01  6.143E-03  1.000E-35
 9.000E+04  6.400E-03  1.651E-01  4.173E-03  1.000E-35
 1.000E+05  5.237E-03  1.616E-01  2.954E-03  1.000E-35
 1.250E+05  3.410E-03  1.534E-01  1.423E-03  1.000E-35
 1.500E+05  2.392E-03  1.462E-01  7.868E-04  1.000E-35
 1.750E+05  1.768E-03  1.399E-01  4.784E-04  1.000E-35
 2.000E+05  1.360E-03  1.342E-01  3.122E-04  1.000E-35
 2.500E+05  8.748E-04  1.247E-01  1.549E-04  1.000E-35
 3.000E+05  6.092E-04  1.169E-01  8.865E-05  1.000E-35
 3.500E+05  4.484E-04  1.104E-01  5.602E-05  1.000E-35
 4.000E+05  3.437E-04  1.048E-01  3.806E-05  1.000E-35
 4.500E+05  2.718E-04  9.997E-02  2.734E-05  1.000E-35
 5.000E+05  2.203E-04  9.573E-02  2.055E-05  1.000E-35
 6.000E+05  1.531E-04  8.857E-02  1.281E-05  1.000E-35
 7.000E+05  1.125E-04  8.272E-02  8.673E-06  1.000E-35
 8.000E+05  8.617E-05  7.783E-02  6.471E-06  1.000E-35
 9.000E+05  6.810E-05  7.362E-02  5.210E-06  1.000E-35
 1.000E+06  5.517E-05  6.996E-02  4.023E-06  1.000E-35
 1.022E+06  5.282E-05  6.922E-02  3.757E-06  1.000E-35
 1.250E+06  3.531E-05  6.255E-02  2.550E-06  1.745E-05
 1.500E+06  2.453E-05  5.684E-02  1.849E-06  9.641E-05
 1.750E+06  1.802E-05  5.226E-02  1.428E-06  2.250E-04
 2.000E+06  1.380E-05  4.848E-02  1.161E-06  3.836E-04
 2.044E+06  1.321E-05  4.788E-02  1.123E-06  4.134E-04
 2.500E+06  8.831E-06  4.257E-02  8.336E-07  7.389E-04
 3.000E+06  6.133E-06  3.812E-02  6.466E-07  1.110E-03
 3.500E+06  4.506E-06  3.463E-02  5.264E-07  1.478E-03
 4.000E+06  3.450E-06  3.179E-02  4.430E-07  1.833E-03
 4.500E+06  2.726E-06  2.944E-02  3.820E-07  2.172E-03
 5.000E+06  2.208E-06  2.745E-02  3.355E-07  2.495E-03
 6.000E+06  1.533E-06  2.426E-02  2.695E-07  3.099E-03
 7.000E+06  1.126E-06  2.180E-02  2.250E-07  3.643E-03
 8.000E+06  8.625E-07  1.984E-02  1.929E-07  4.136E-03
 9.000E+06  6.815E-07  1.823E-02  1.689E-07  4.590E-03
 1.000E+07  5.520E-07  1.689E-02  1.501E-07  5.001E-03
 1.100E+07  4.562E-07  1.575E-02  1.351E-07  5.378E-03
 1.200E+07  3.833E-07  1.477E-02  1.227E-07  5.726E-03
 1.300E+07  3.266E-07  1.391E-02  1.125E-07  6.051E-03
 1.400E+07  2.816E-07  1.316E-02  1.038E-07  6.353E-03
 1.500E+07  2.453E-07  1.249E-02  9.633E-08  6.636E-03
 1.600E+07  2.156E-07  1.189E-02  8.988E-08  6.905E-03
 1.800E+07  1.704E-07  1.087E-02  7.926E-08  7.395E-03
 2.000E+07  1.380E-07  1.002E-02  7.087E-08  7.836E-03
 2.200E+07  1.140E-07  9.305E-03  6.410E-08  8.238E-03
 2.400E+07  9.583E-08  8.692E-03  5.849E-08  8.604E-03
 2.600E+07  8.165E-08  8.162E-03  5.379E-08  8.940E-03
 2.800E+07  7.041E-08  7.697E-03  4.978E-08  9.252E-03
 3.000E+07  6.133E-08  7.287E-03  4.634E-08  9.541E-03
 3.500E+07  4.506E-08  6.442E-03  3.950E-08  1.018E-02
 4.000E+07  3.450E-08  5.785E-03  3.441E-08  1.073E-02
 4.500E+07  2.726E-08  5.258E-03  3.049E-08  1.121E-02
 5.000E+07  2.208E-08  4.825E-03  2.737E-08  1.163E-02
 6.000E+07  1.533E-08  4.155E-03  2.272E-08  1.235E-02
 7.000E+07  1.126E-08  3.658E-03  1.942E-08  1.294E-02
 8.000E+07  8.625E-09  3.273E-03  1.696E-08  1.345E-02
 9.000E+07  6.815E-09  2.967E-03  1.505E-08  1.388E-02
 1.000E+08  5.520E-09  2.716E-03  1.352E-08  1.425E-02
 1.250E+08  3.533E-09  2.250E-03  1.079E-08  1.502E-02
 1.500E+08  2.453E-09  1.928E-03  8.978E-09  1.561E-02
 1.750E+08  1.802E-09  1.690E-03  7.688E-09  1.607E-02
 2.000E+08  1.380E-09  1.508E-03  6.722E-09  1.646E-02
 2.500E+08  8.832E-10  1.244E-03  5.370E-09  1.705E-02
 3.000E+08  6.133E-10  1.063E-03  4.471E-09  1.749E-02
 3.500E+08  4.506E-10  9.300E-04  3.830E-09  1.783E-02
 4.000E+08  3.450E-10  8.280E-04  3.351E-09  1.810E-02
 4.500E+08  2.726E-10  7.471E-04  2.977E-09  1.833E-02
 5.000E+08  2.208E-10  6.814E-04  2.679E-09  1.851E-02
 6.000E+08  1.533E-10  5.808E-04  2.231E-09  1.881E-02
 7.000E+08  1.126E-10  5.072E-04  1.912E-09  1.904E-02
 8.000E+08  8.625E-11  4.509E-04  1.673E-09  1.922E-02
 9.000E+08  6.815E-11  4.063E-04  1.487E-09  1.937E-02
 1.000E+09  5.520E-11  3.702E-04  1.338E-09  1.949E-02
