P1   MATERIAL:(Mylar                                     -DBASE)
P2   MASS DENSITY=( 1.4000E+00) g/cm**3
P3   NUMBER OF ELEMENTS IN THE MOLECULE=( 3) /.LE.15/
P4+  ATOMIC NUMBER=( 1),ATOMS/MOLECULE=( 4.000000E+00)
P4+  ATOMIC NUMBER=( 6),ATOMS/MOLECULE=( 5.000000E+00)
P4+  ATOMIC NUMBER=( 8),ATOMS/MOLECULE=( 2.000000E+00)
P5   MEAN EXCITATION ENERGY=(   78.70) eV
P6   NUMBER OF OSCILLATORS=( 5) /.LE.30/
P7+  ( 2.000000E+01, 1.100000E+01, 6.460E-01, 0) OSCILLATOR DATA
P7+  ( 1.200000E+01, 1.400000E+01, 5.163E-01, 0) OSCILLATOR DATA
P7+  ( 4.000000E+00, 2.400000E+01, 5.790E-01, 0) OSCILLATOR DATA
P7+  ( 1.000000E+01, 2.850000E+02, 1.530E-01, 0) OSCILLATOR DATA
P7+  ( 4.000000E+00, 5.430000E+02, 1.130E-01, 8) OSCILLATOR DATA
P8   NUMBER OF INPUT ENERGIES=(106) FOR ELECTRONS /.LT.180/
 1.00E+02  8.024E-02  1.636E-01  1.583E-01  3.953E+02  6.026E-04
 1.25E+02  9.366E-02  2.170E-01  1.911E-01  3.671E+02  7.127E-04
 1.50E+02  1.061E-01  2.757E-01  2.250E-01  3.408E+02  8.173E-04
 1.75E+02  1.179E-01  3.394E-01  2.605E-01  3.172E+02  9.168E-04
 2.00E+02  1.292E-01  4.081E-01  2.977E-01  2.966E+02  1.013E-03
 2.50E+02  1.509E-01  5.599E-01  3.774E-01  2.628E+02  1.192E-03
 3.00E+02  1.716E-01  7.303E-01  4.644E-01  2.365E+02  1.358E-03
 3.50E+02  1.917E-01  9.185E-01  5.585E-01  2.154E+02  1.511E-03
 4.00E+02  2.115E-01  1.124E+00  6.598E-01  1.981E+02  1.652E-03
 4.50E+02  2.309E-01  1.348E+00  7.679E-01  1.837E+02  1.782E-03
 5.00E+02  2.502E-01  1.588E+00  8.829E-01  1.714E+02  1.901E-03
 6.00E+02  2.883E-01  2.119E+00  1.134E+00  1.517E+02  2.110E-03
 7.00E+02  3.260E-01  2.715E+00  1.410E+00  1.396E+02  2.284E-03
 8.00E+02  3.634E-01  3.375E+00  1.713E+00  1.290E+02  2.427E-03
 9.00E+02  4.006E-01  4.098E+00  2.041E+00  1.196E+02  2.543E-03
 1.00E+03  4.377E-01  4.882E+00  2.393E+00  1.116E+02  2.635E-03
 1.25E+03  5.300E-01  7.106E+00  3.381E+00  9.587E+01  2.778E-03
 1.50E+03  6.220E-01  9.697E+00  4.515E+00  8.534E+01  2.884E-03
 1.75E+03  7.136E-01  1.264E+01  5.791E+00  7.683E+01  2.964E-03
 2.00E+03  8.050E-01  1.594E+01  7.206E+00  6.997E+01  3.027E-03
 2.50E+03  9.876E-01  2.355E+01  1.044E+01  5.962E+01  3.121E-03
 3.00E+03  1.169E+00  3.248E+01  1.419E+01  5.225E+01  3.189E-03
 3.50E+03  1.350E+00  4.269E+01  1.844E+01  4.665E+01  3.238E-03
 4.00E+03  1.531E+00  5.414E+01  2.318E+01  4.223E+01  3.275E-03
 4.50E+03  1.711E+00  6.682E+01  2.840E+01  3.866E+01  3.305E-03
 5.00E+03  1.891E+00  8.070E+01  3.408E+01  3.570E+01  3.329E-03
 6.00E+03  2.248E+00  1.120E+02  4.680E+01  3.108E+01  3.365E-03
 7.00E+03  2.603E+00  1.478E+02  6.128E+01  2.762E+01  3.389E-03
 8.00E+03  2.957E+00  1.881E+02  7.748E+01  2.492E+01  3.408E-03
 9.00E+03  3.309E+00  2.327E+02  9.531E+01  2.276E+01  3.421E-03
 1.00E+04  3.658E+00  2.815E+02  1.148E+02  2.097E+01  3.431E-03
 1.25E+04  4.523E+00  4.217E+02  1.703E+02  1.764E+01  3.448E-03
 1.50E+04  5.376E+00  5.868E+02  2.354E+02  1.531E+01  3.459E-03
 1.75E+04  6.216E+00  7.760E+02  3.095E+02  1.359E+01  3.466E-03
 2.00E+04  7.044E+00  9.887E+02  3.922E+02  1.225E+01  3.471E-03
 2.50E+04  8.667E+00  1.480E+03  5.829E+02  1.032E+01  3.481E-03
 3.00E+04  1.024E+01  2.058E+03  8.053E+02  8.981E+00  3.490E-03
 3.50E+04  1.178E+01  2.718E+03  1.058E+03  7.995E+00  3.500E-03
 4.00E+04  1.328E+01  3.456E+03  1.339E+03  7.238E+00  3.512E-03
 4.50E+04  1.473E+01  4.269E+03  1.648E+03  6.636E+00  3.524E-03
 5.00E+04  1.614E+01  5.154E+03  1.983E+03  6.146E+00  3.538E-03
 6.00E+04  1.886E+01  7.130E+03  2.728E+03  5.396E+00  3.567E-03
 7.00E+04  2.144E+01  9.369E+03  3.567E+03  4.848E+00  3.601E-03
 8.00E+04  2.389E+01  1.185E+04  4.492E+03  4.430E+00  3.638E-03
 9.00E+04  2.622E+01  1.457E+04  5.501E+03  4.100E+00  3.677E-03
 1.00E+05  2.844E+01  1.749E+04  6.586E+03  3.833E+00  3.719E-03
 1.25E+05  3.360E+01  2.580E+04  9.645E+03  3.345E+00  3.835E-03
 1.50E+05  3.812E+01  3.517E+04  1.307E+04  3.016E+00  3.960E-03
 1.75E+05  4.216E+01  4.556E+04  1.686E+04  2.780E+00  4.094E-03
 2.00E+05  4.577E+01  5.687E+04  2.095E+04  2.603E+00  4.236E-03
 2.50E+05  5.197E+01  8.197E+04  3.000E+04  2.356E+00  4.540E-03
 3.00E+05  5.706E+01  1.100E+05  4.003E+04  2.194E+00  4.872E-03
 3.50E+05  6.129E+01  1.405E+05  5.094E+04  2.081E+00  5.230E-03
 4.00E+05  6.484E+01  1.734E+05  6.262E+04  1.998E+00  5.612E-03
 4.50E+05  6.784E+01  2.084E+05  7.504E+04  1.935E+00  6.011E-03
 5.00E+05  7.042E+01  2.454E+05  8.811E+04  1.887E+00  6.431E-03
 6.00E+05  7.456E+01  3.248E+05  1.162E+05  1.818E+00  7.320E-03
 7.00E+05  7.772E+01  4.113E+05  1.466E+05  1.774E+00  8.265E-03
 8.00E+05  8.019E+01  5.042E+05  1.793E+05  1.743E+00  9.258E-03
 9.00E+05  8.215E+01  6.035E+05  2.141E+05  1.723E+00  1.030E-02
 1.00E+06  8.373E+01  7.088E+05  2.511E+05  1.708E+00  1.138E-02
 1.25E+06  8.660E+01  9.979E+05  3.523E+05  1.688E+00  1.424E-02
 1.50E+06  8.843E+01  1.323E+06  4.658E+05  1.682E+00  1.730E-02
 1.75E+06  8.972E+01  1.683E+06  5.915E+05  1.681E+00  2.052E-02
 2.00E+06  9.063E+01  2.078E+06  7.290E+05  1.684E+00  2.388E-02
 2.50E+06  9.183E+01  2.967E+06  1.039E+06  1.694E+00  3.094E-02
 3.00E+06  9.255E+01  3.990E+06  1.394E+06  1.707E+00  3.837E-02
 3.50E+06  9.300E+01  5.141E+06  1.795E+06  1.719E+00  4.612E-02
 4.00E+06  9.332E+01  6.421E+06  2.239E+06  1.732E+00  5.412E-02
 4.50E+06  9.356E+01  7.827E+06  2.727E+06  1.743E+00  6.236E-02
 5.00E+06  9.373E+01  9.359E+06  3.257E+06  1.754E+00  7.081E-02
 6.00E+06  9.396E+01  1.279E+07  4.446E+06  1.773E+00  8.815E-02
 7.00E+06  9.409E+01  1.670E+07  5.799E+06  1.789E+00  1.061E-01
 8.00E+06  9.420E+01  2.109E+07  7.317E+06  1.804E+00  1.245E-01
 9.00E+06  9.425E+01  2.594E+07  8.997E+06  1.817E+00  1.434E-01
 1.00E+07  9.431E+01  3.127E+07  1.084E+07  1.829E+00  1.626E-01
 1.25E+07  9.439E+01  4.658E+07  1.612E+07  1.853E+00  2.118E-01
 1.50E+07  9.443E+01  6.469E+07  2.237E+07  1.872E+00  2.625E-01
 1.75E+07  9.446E+01  8.560E+07  2.956E+07  1.888E+00  3.142E-01
 2.00E+07  9.447E+01  1.092E+08  3.768E+07  1.902E+00  3.668E-01
 2.50E+07  9.451E+01  1.646E+08  5.670E+07  1.923E+00  4.739E-01
 3.00E+07  9.451E+01  2.307E+08  7.934E+07  1.940E+00  5.830E-01
 3.50E+07  9.451E+01  3.074E+08  1.056E+08  1.954E+00  6.936E-01
 4.00E+07  9.451E+01  3.947E+08  1.354E+08  1.966E+00  8.050E-01
 4.50E+07  9.451E+01  4.927E+08  1.688E+08  1.976E+00  9.176E-01
 5.00E+07  9.451E+01  6.012E+08  2.057E+08  1.986E+00  1.031E+00
 6.00E+07  9.451E+01  8.505E+08  2.903E+08  2.001E+00  1.260E+00
 7.00E+07  9.451E+01  1.143E+09  3.891E+08  2.014E+00  1.490E+00
 8.00E+07  9.451E+01  1.478E+09  5.022E+08  2.025E+00  1.723E+00
 9.00E+07  9.451E+01  1.857E+09  6.298E+08  2.035E+00  1.957E+00
 1.00E+08  9.451E+01  2.281E+09  7.719E+08  2.043E+00  2.191E+00
 1.25E+08  9.451E+01  3.534E+09  1.191E+09  2.062E+00  2.782E+00
 1.50E+08  9.451E+01  5.065E+09  1.702E+09  2.076E+00  3.378E+00
 1.75E+08  9.451E+01  6.873E+09  2.306E+09  2.089E+00  3.976E+00
 2.00E+08  9.451E+01  8.960E+09  3.002E+09  2.100E+00  4.577E+00
 2.50E+08  9.451E+01  1.397E+10  4.672E+09  2.118E+00  5.784E+00
 3.00E+08  9.451E+01  2.009E+10  6.713E+09  2.132E+00  6.996E+00
 3.50E+08  9.451E+01  2.733E+10  9.125E+09  2.145E+00  8.213E+00
 4.00E+08  9.451E+01  3.568E+10  1.191E+10  2.155E+00  9.434E+00
 4.50E+08  9.451E+01  4.514E+10  1.506E+10  2.165E+00  1.066E+01
 5.00E+08  9.451E+01  5.572E+10  1.859E+10  2.173E+00  1.188E+01
 6.00E+08  9.451E+01  8.021E+10  2.676E+10  2.188E+00  1.433E+01
 7.00E+08  9.451E+01  1.091E+11  3.640E+10  2.200E+00  1.679E+01
 8.00E+08  9.451E+01  1.425E+11  4.754E+10  2.211E+00  1.926E+01
 9.00E+08  9.451E+01  1.804E+11  6.015E+10  2.220E+00  2.172E+01
 1.00E+09  9.451E+01  2.227E+11  7.425E+10  2.229E+00  2.419E+01
P10  NUMBER OF INPUT ENERGIES=(106) FOR POSITRONS /.LT.180/
 1.00E+02  1.310E-01  5.098E-01  2.818E-01  5.087E+02  8.089E-05
 1.25E+02  1.455E-01  6.287E-01  3.406E-01  4.646E+02  1.044E-04
 1.50E+02  1.592E-01  7.519E-01  4.007E-01  4.256E+02  1.285E-04
 1.75E+02  1.723E-01  8.795E-01  4.623E-01  3.923E+02  1.528E-04
 2.00E+02  1.850E-01  1.012E+00  5.256E-01  3.640E+02  1.774E-04
 2.50E+02  2.093E-01  1.290E+00  6.570E-01  3.185E+02  2.266E-04
 3.00E+02  2.326E-01  1.586E+00  7.952E-01  2.839E+02  2.755E-04
 3.50E+02  2.552E-01  1.900E+00  9.404E-01  2.567E+02  3.235E-04
 4.00E+02  2.772E-01  2.230E+00  1.092E+00  2.347E+02  3.703E-04
 4.50E+02  2.988E-01  2.578E+00  1.251E+00  2.165E+02  4.154E-04
 5.00E+02  3.200E-01  2.943E+00  1.416E+00  2.012E+02  4.589E-04
 6.00E+02  3.616E-01  3.723E+00  1.766E+00  1.768E+02  5.403E-04
 7.00E+02  4.024E-01  4.568E+00  2.141E+00  1.616E+02  6.140E-04
 8.00E+02  4.425E-01  5.476E+00  2.542E+00  1.491E+02  6.798E-04
 9.00E+02  4.822E-01  6.445E+00  2.968E+00  1.381E+02  7.381E-04
 1.00E+03  5.215E-01  7.477E+00  3.417E+00  1.286E+02  7.891E-04
 1.25E+03  6.183E-01  1.032E+01  4.645E+00  1.103E+02  8.879E-04
 1.50E+03  7.138E-01  1.352E+01  6.017E+00  9.777E+01  9.704E-04
 1.75E+03  8.085E-01  1.708E+01  7.530E+00  8.773E+01  1.041E-03
 2.00E+03  9.023E-01  2.098E+01  9.179E+00  7.969E+01  1.103E-03
 2.50E+03  1.088E+00  2.980E+01  1.287E+01  6.763E+01  1.207E-03
 3.00E+03  1.273E+00  3.992E+01  1.709E+01  5.899E+01  1.294E-03
 3.50E+03  1.457E+00  5.133E+01  2.179E+01  5.247E+01  1.367E-03
 4.00E+03  1.639E+00  6.398E+01  2.699E+01  4.736E+01  1.431E-03
 4.50E+03  1.821E+00  7.784E+01  3.266E+01  4.324E+01  1.487E-03
 5.00E+03  2.002E+00  9.292E+01  3.879E+01  3.984E+01  1.537E-03
 6.00E+03  2.362E+00  1.266E+02  5.242E+01  3.454E+01  1.625E-03
 7.00E+03  2.719E+00  1.648E+02  6.780E+01  3.059E+01  1.698E-03
 8.00E+03  3.074E+00  2.076E+02  8.492E+01  2.752E+01  1.761E-03
 9.00E+03  3.427E+00  2.546E+02  1.037E+02  2.507E+01  1.817E-03
 1.00E+04  3.777E+00  3.060E+02  1.241E+02  2.305E+01  1.866E-03
 1.25E+04  4.645E+00  4.526E+02  1.820E+02  1.930E+01  1.970E-03
 1.50E+04  5.499E+00  6.245E+02  2.495E+02  1.668E+01  2.055E-03
 1.75E+04  6.341E+00  8.206E+02  3.262E+02  1.476E+01  2.126E-03
 2.00E+04  7.171E+00  1.041E+03  4.117E+02  1.327E+01  2.187E-03
 2.50E+04  8.796E+00  1.548E+03  6.081E+02  1.112E+01  2.289E-03
 3.00E+04  1.038E+01  2.144E+03  8.368E+02  9.637E+00  2.373E-03
 3.50E+04  1.191E+01  2.823E+03  1.096E+03  8.548E+00  2.446E-03
 4.00E+04  1.341E+01  3.581E+03  1.385E+03  7.712E+00  2.509E-03
 4.50E+04  1.486E+01  4.416E+03  1.701E+03  7.050E+00  2.566E-03
 5.00E+04  1.628E+01  5.325E+03  2.046E+03  6.512E+00  2.619E-03
 6.00E+04  1.900E+01  7.356E+03  2.809E+03  5.690E+00  2.713E-03
 7.00E+04  2.158E+01  9.653E+03  3.669E+03  5.090E+00  2.799E-03
 8.00E+04  2.404E+01  1.221E+04  4.618E+03  4.633E+00  2.877E-03
 9.00E+04  2.637E+01  1.499E+04  5.653E+03  4.273E+00  2.952E-03
 1.00E+05  2.858E+01  1.800E+04  6.764E+03  3.982E+00  3.024E-03
 1.25E+05  3.360E+01  2.643E+04  9.862E+03  3.451E+00  3.197E-03
 1.50E+05  3.812E+01  3.604E+04  1.337E+04  3.093E+00  3.363E-03
 1.75E+05  4.216E+01  4.670E+04  1.724E+04  2.837E+00  3.528E-03
 2.00E+05  4.577E+01  5.832E+04  2.143E+04  2.644E+00  3.694E-03
 2.50E+05  5.197E+01  8.412E+04  3.069E+04  2.377E+00  4.031E-03
 3.00E+05  5.706E+01  1.129E+05  4.098E+04  2.202E+00  4.383E-03
 3.50E+05  6.129E+01  1.444E+05  5.217E+04  2.079E+00  4.753E-03
 4.00E+05  6.484E+01  1.781E+05  6.415E+04  1.989E+00  5.142E-03
 4.50E+05  6.784E+01  2.141E+05  7.687E+04  1.921E+00  5.545E-03
 5.00E+05  7.042E+01  2.522E+05  9.029E+04  1.868E+00  5.966E-03
 6.00E+05  7.456E+01  3.340E+05  1.191E+05  1.794E+00  6.851E-03
 7.00E+05  7.772E+01  4.229E+05  1.502E+05  1.745E+00  7.788E-03
 8.00E+05  8.019E+01  5.185E+05  1.837E+05  1.711E+00  8.772E-03
 9.00E+05  8.215E+01  6.205E+05  2.193E+05  1.688E+00  9.800E-03
 1.00E+06  8.373E+01  7.286E+05  2.571E+05  1.672E+00  1.087E-02
 1.25E+06  8.660E+01  1.026E+06  3.607E+05  1.649E+00  1.370E-02
 1.50E+06  8.843E+01  1.359E+06  4.769E+05  1.640E+00  1.673E-02
 1.75E+06  8.972E+01  1.729E+06  6.053E+05  1.638E+00  1.992E-02
 2.00E+06  9.063E+01  2.133E+06  7.458E+05  1.640E+00  2.326E-02
 2.50E+06  9.183E+01  3.045E+06  1.062E+06  1.649E+00  3.028E-02
 3.00E+06  9.255E+01  4.091E+06  1.425E+06  1.660E+00  3.767E-02
 3.50E+06  9.300E+01  5.270E+06  1.833E+06  1.672E+00  4.539E-02
 4.00E+06  9.332E+01  6.579E+06  2.286E+06  1.683E+00  5.337E-02
 4.50E+06  9.356E+01  8.016E+06  2.784E+06  1.694E+00  6.160E-02
 5.00E+06  9.373E+01  9.581E+06  3.324E+06  1.705E+00  7.004E-02
 6.00E+06  9.396E+01  1.307E+07  4.529E+06  1.723E+00  8.738E-02
 7.00E+06  9.409E+01  1.708E+07  5.912E+06  1.740E+00  1.054E-01
 8.00E+06  9.420E+01  2.156E+07  7.457E+06  1.754E+00  1.238E-01
 9.00E+06  9.425E+01  2.652E+07  9.165E+06  1.767E+00  1.426E-01
 1.00E+07  9.431E+01  3.194E+07  1.104E+07  1.778E+00  1.619E-01
 1.25E+07  9.439E+01  4.755E+07  1.641E+07  1.802E+00  2.112E-01
 1.50E+07  9.443E+01  6.602E+07  2.275E+07  1.821E+00  2.619E-01
 1.75E+07  9.446E+01  8.730E+07  3.006E+07  1.837E+00  3.137E-01
 2.00E+07  9.447E+01  1.113E+08  3.831E+07  1.850E+00  3.664E-01
 2.50E+07  9.451E+01  1.677E+08  5.761E+07  1.872E+00  4.736E-01
 3.00E+07  9.451E+01  2.349E+08  8.057E+07  1.889E+00  5.827E-01
 3.50E+07  9.451E+01  3.128E+08  1.072E+08  1.902E+00  6.934E-01
 4.00E+07  9.451E+01  4.015E+08  1.374E+08  1.914E+00  8.048E-01
 4.50E+07  9.451E+01  5.009E+08  1.712E+08  1.925E+00  9.175E-01
 5.00E+07  9.451E+01  6.110E+08  2.086E+08  1.934E+00  1.031E+00
 6.00E+07  9.451E+01  8.635E+08  2.941E+08  1.949E+00  1.259E+00
 7.00E+07  9.451E+01  1.159E+09  3.940E+08  1.962E+00  1.490E+00
 8.00E+07  9.451E+01  1.499E+09  5.083E+08  1.973E+00  1.723E+00
 9.00E+07  9.451E+01  1.881E+09  6.370E+08  1.983E+00  1.957E+00
 1.00E+08  9.451E+01  2.308E+09  7.802E+08  1.991E+00  2.191E+00
 1.25E+08  9.451E+01  3.570E+09  1.203E+09  2.009E+00  2.782E+00
 1.50E+08  9.451E+01  5.110E+09  1.717E+09  2.024E+00  3.378E+00
 1.75E+08  9.451E+01  6.928E+09  2.323E+09  2.037E+00  3.976E+00
 2.00E+08  9.451E+01  9.024E+09  3.022E+09  2.047E+00  4.577E+00
 2.50E+08  9.451E+01  1.405E+10  4.698E+09  2.065E+00  5.784E+00
 3.00E+08  9.451E+01  2.019E+10  6.744E+09  2.080E+00  6.996E+00
 3.50E+08  9.451E+01  2.744E+10  9.161E+09  2.092E+00  8.213E+00
 4.00E+08  9.451E+01  3.580E+10  1.195E+10  2.103E+00  9.434E+00
 4.50E+08  9.451E+01  4.528E+10  1.510E+10  2.112E+00  1.066E+01
 5.00E+08  9.451E+01  5.587E+10  1.864E+10  2.121E+00  1.188E+01
 6.00E+08  9.451E+01  8.038E+10  2.681E+10  2.135E+00  1.433E+01
 7.00E+08  9.451E+01  1.094E+11  3.646E+10  2.148E+00  1.679E+01
 8.00E+08  9.451E+01  1.427E+11  4.760E+10  2.158E+00  1.926E+01
 9.00E+08  9.451E+01  1.806E+11  6.022E+10  2.168E+00  2.172E+01
 1.00E+09  9.451E+01  2.229E+11  7.433E+10  2.176E+00  2.419E+01
P12  NUMBER OF INPUT ENERGIES=(100) FOR PHOTONS /.LT.400/
 1.000E+03  1.193E+00  1.152E-02  2.909E+03  1.000E-35
 1.250E+03  1.139E+00  2.011E-02  1.580E+03  1.000E-35
 1.500E+03  1.080E+00  2.907E-02  9.526E+02  1.000E-35
 1.750E+03  1.017E+00  3.787E-02  6.157E+02  1.000E-35
 2.000E+03  9.547E-01  4.626E-02  4.196E+02  1.000E-35
 2.500E+03  8.338E-01  6.139E-02  2.192E+02  1.000E-35
 3.000E+03  7.255E-01  7.431E-02  1.280E+02  1.000E-35
 3.500E+03  6.325E-01  8.527E-02  8.077E+01  1.000E-35
 4.000E+03  5.543E-01  9.460E-02  5.401E+01  1.000E-35
 4.500E+03  4.891E-01  1.026E-01  3.778E+01  1.000E-35
 5.000E+03  4.349E-01  1.094E-01  2.738E+01  1.000E-35
 6.000E+03  3.516E-01  1.206E-01  1.561E+01  1.000E-35
 7.000E+03  2.920E-01  1.293E-01  9.673E+00  1.000E-35
 8.000E+03  2.480E-01  1.362E-01  6.370E+00  1.000E-35
 9.000E+03  2.143E-01  1.419E-01  4.398E+00  1.000E-35
 1.000E+04  1.879E-01  1.467E-01  3.151E+00  1.000E-35
 1.250E+04  1.414E-01  1.559E-01  1.549E+00  1.000E-35
 1.500E+04  1.109E-01  1.623E-01  8.626E-01  1.000E-35
 1.750E+04  8.947E-02  1.667E-01  5.243E-01  1.000E-35
 2.000E+04  7.359E-02  1.699E-01  3.400E-01  1.000E-35
 2.500E+04  5.207E-02  1.734E-01  1.642E-01  1.000E-35
 3.000E+04  3.863E-02  1.746E-01  9.032E-02  1.000E-35
 3.500E+04  2.973E-02  1.744E-01  5.438E-02  1.000E-35
 4.000E+04  2.357E-02  1.736E-01  3.501E-02  1.000E-35
 4.500E+04  1.914E-02  1.723E-01  2.372E-02  1.000E-35
 5.000E+04  1.584E-02  1.707E-01  1.673E-02  1.000E-35
 6.000E+04  1.136E-02  1.672E-01  9.141E-03  1.000E-35
 7.000E+04  8.533E-03  1.635E-01  5.481E-03  1.000E-35
 8.000E+04  6.639E-03  1.599E-01  3.520E-03  1.000E-35
 9.000E+04  5.308E-03  1.564E-01  2.382E-03  1.000E-35
 1.000E+05  4.338E-03  1.530E-01  1.681E-03  1.000E-35
 1.250E+05  2.817E-03  1.452E-01  8.052E-04  1.000E-35
 1.500E+05  1.972E-03  1.384E-01  4.432E-04  1.000E-35
 1.750E+05  1.457E-03  1.323E-01  2.685E-04  1.000E-35
 2.000E+05  1.119E-03  1.270E-01  1.747E-04  1.000E-35
 2.500E+05  7.192E-04  1.180E-01  8.629E-05  1.000E-35
 3.000E+05  5.006E-04  1.106E-01  4.923E-05  1.000E-35
 3.500E+05  3.683E-04  1.044E-01  3.104E-05  1.000E-35
 4.000E+05  2.822E-04  9.916E-02  2.105E-05  1.000E-35
 4.500E+05  2.232E-04  9.458E-02  1.509E-05  1.000E-35
 5.000E+05  1.808E-04  9.057E-02  1.134E-05  1.000E-35
 6.000E+05  1.257E-04  8.379E-02  7.057E-06  1.000E-35
 7.000E+05  9.235E-05  7.828E-02  4.756E-06  1.000E-35
 8.000E+05  7.072E-05  7.363E-02  3.560E-06  1.000E-35
 9.000E+05  5.589E-05  6.965E-02  2.895E-06  1.000E-35
 1.000E+06  4.527E-05  6.619E-02  2.213E-06  1.000E-35
 1.022E+06  4.335E-05  6.548E-02  2.055E-06  1.000E-35
 1.250E+06  2.898E-05  5.917E-02  1.395E-06  1.566E-05
 1.500E+06  2.013E-05  5.377E-02  1.012E-06  8.678E-05
 1.750E+06  1.479E-05  4.944E-02  7.828E-07  2.027E-04
 2.000E+06  1.132E-05  4.587E-02  6.376E-07  3.457E-04
 2.044E+06  1.084E-05  4.530E-02  6.169E-07  3.727E-04
 2.500E+06  7.247E-06  4.028E-02  4.591E-07  6.666E-04
 3.000E+06  5.033E-06  3.607E-02  3.568E-07  1.002E-03
 3.500E+06  3.697E-06  3.276E-02  2.909E-07  1.335E-03
 4.000E+06  2.831E-06  3.008E-02  2.452E-07  1.657E-03
 4.500E+06  2.237E-06  2.785E-02  2.116E-07  1.964E-03
 5.000E+06  1.812E-06  2.597E-02  1.860E-07  2.257E-03
 6.000E+06  1.258E-06  2.295E-02  1.496E-07  2.806E-03
 7.000E+06  9.244E-07  2.062E-02  1.250E-07  3.301E-03
 8.000E+06  7.077E-07  1.877E-02  1.073E-07  3.750E-03
 9.000E+06  5.592E-07  1.725E-02  9.399E-08  4.162E-03
 1.000E+07  4.529E-07  1.598E-02  8.359E-08  4.537E-03
 1.100E+07  3.743E-07  1.490E-02  7.524E-08  4.881E-03
 1.200E+07  3.145E-07  1.397E-02  6.840E-08  5.198E-03
 1.300E+07  2.680E-07  1.316E-02  6.270E-08  5.494E-03
 1.400E+07  2.311E-07  1.245E-02  5.787E-08  5.770E-03
 1.500E+07  2.013E-07  1.182E-02  5.373E-08  6.028E-03
 1.600E+07  1.769E-07  1.125E-02  5.015E-08  6.274E-03
 1.800E+07  1.398E-07  1.028E-02  4.424E-08  6.720E-03
 2.000E+07  1.132E-07  9.480E-03  3.957E-08  7.122E-03
 2.200E+07  9.358E-08  8.803E-03  3.579E-08  7.491E-03
 2.400E+07  7.864E-08  8.223E-03  3.267E-08  7.825E-03
 2.600E+07  6.700E-08  7.721E-03  3.005E-08  8.133E-03
 2.800E+07  5.777E-08  7.282E-03  2.781E-08  8.417E-03
 3.000E+07  5.033E-08  6.894E-03  2.589E-08  8.681E-03
 3.500E+07  3.697E-08  6.094E-03  2.208E-08  9.265E-03
 4.000E+07  2.831E-08  5.473E-03  1.924E-08  9.765E-03
 4.500E+07  2.237E-08  4.974E-03  1.705E-08  1.020E-02
 5.000E+07  1.812E-08  4.565E-03  1.530E-08  1.059E-02
 6.000E+07  1.258E-08  3.930E-03  1.271E-08  1.125E-02
 7.000E+07  9.244E-09  3.460E-03  1.086E-08  1.179E-02
 8.000E+07  7.077E-09  3.097E-03  9.487E-09  1.225E-02
 9.000E+07  5.592E-09  2.807E-03  8.419E-09  1.264E-02
 1.000E+08  4.529E-09  2.569E-03  7.566E-09  1.299E-02
 1.250E+08  2.899E-09  2.129E-03  6.038E-09  1.369E-02
 1.500E+08  2.013E-09  1.823E-03  5.025E-09  1.423E-02
 1.750E+08  1.479E-09  1.599E-03  4.303E-09  1.466E-02
 2.000E+08  1.132E-09  1.426E-03  3.762E-09  1.501E-02
 2.500E+08  7.247E-10  1.177E-03  3.006E-09  1.556E-02
 3.000E+08  5.033E-10  1.006E-03  2.503E-09  1.597E-02
 3.500E+08  3.697E-10  8.798E-04  2.144E-09  1.629E-02
 4.000E+08  2.831E-10  7.833E-04  1.876E-09  1.654E-02
 4.500E+08  2.237E-10  7.068E-04  1.667E-09  1.675E-02
 5.000E+08  1.812E-10  6.446E-04  1.500E-09  1.693E-02
 6.000E+08  1.258E-10  5.494E-04  1.249E-09  1.721E-02
 7.000E+08  9.244E-11  4.798E-04  1.070E-09  1.743E-02
 8.000E+08  7.077E-11  4.265E-04  9.363E-10  1.759E-02
 9.000E+08  5.592E-11  3.844E-04  8.322E-10  1.773E-02
 1.000E+09  4.529E-11  3.502E-04  7.489E-10  1.785E-02
