P1   MATERIAL:(Lead                                      -DBASE)
P2   MASS DENSITY=( 1.1350E+01) g/cm**3
P3   NUMBER OF ELEMENTS IN THE MOLECULE=( 1) /.LE.15/
P4+  ATOMIC NUMBER=(82),ATOMS/MOLECULE=( 1.000000E+00)
P5   MEAN EXCITATION ENERGY=(  823.00) eV
P6   NUMBER OF OSCILLATORS=(22) /.LE.30/
P7+  ( 4.000000E+00,-1.348860E+01, 9.857E-01, 0) OSCILLATOR DATA
P7+  ( 6.000000E+00, 1.800000E+01, 2.270E-01, 0) OSCILLATOR DATA
P7+  ( 4.000000E+00, 2.000000E+01, 2.210E-01, 0) OSCILLATOR DATA
P7+  ( 4.000000E+00, 8.600000E+01, 2.370E-01, 0) OSCILLATOR DATA
P7+  ( 2.000000E+00, 1.050000E+02, 2.150E-01, 0) OSCILLATOR DATA
P7+  ( 8.000000E+00, 1.360000E+02, 6.140E-02, 0) OSCILLATOR DATA
P7+  ( 6.000000E+00, 1.410000E+02, 6.060E-02, 0) OSCILLATOR DATA
P7+  ( 2.000000E+00, 1.480000E+02, 3.250E-01, 0) OSCILLATOR DATA
P7+  ( 6.000000E+00, 4.120000E+02, 7.350E-02, 0) OSCILLATOR DATA
P7+  ( 4.000000E+00, 4.340000E+02, 7.180E-02, 0) OSCILLATOR DATA
P7+  ( 4.000000E+00, 6.450000E+02, 9.570E-02, 0) OSCILLATOR DATA
P7+  ( 2.000000E+00, 7.640000E+02, 8.840E-02, 0) OSCILLATOR DATA
P7+  ( 2.000000E+00, 8.940000E+02, 1.410E-01, 0) OSCILLATOR DATA
P7+  ( 6.000000E+00, 2.484000E+03, 2.900E-02, 0) OSCILLATOR DATA
P7+  ( 4.000000E+00, 2.586000E+03, 2.830E-02, 0) OSCILLATOR DATA
P7+  ( 4.000000E+00, 3.066000E+03, 4.380E-02, 0) OSCILLATOR DATA
P7+  ( 2.000000E+00, 3.554000E+03, 4.030E-02, 0) OSCILLATOR DATA
P7+  ( 2.000000E+00, 3.851000E+03, 6.890E-02, 0) OSCILLATOR DATA
P7+  ( 4.000000E+00, 1.303500E+04, 1.740E-02, 0) OSCILLATOR DATA
P7+  ( 2.000000E+00, 1.520000E+04, 1.530E-02, 0) OSCILLATOR DATA
P7+  ( 2.000000E+00, 1.586100E+04, 3.140E-02, 0) OSCILLATOR DATA
P7+  ( 2.000000E+00, 8.800500E+04, 8.820E-03,82) OSCILLATOR DATA
P8   NUMBER OF INPUT ENERGIES=(106) FOR ELECTRONS /.LT.180/
 1.00E+02  3.676E-01  1.515E+00  8.843E-01  7.879E+01  3.302E-04
 1.25E+02  3.878E-01  2.078E+00  1.104E+00  7.236E+01  4.351E-04
 1.50E+02  4.120E-01  2.614E+00  1.337E+00  6.657E+01  5.452E-04
 1.75E+02  4.403E-01  3.048E+00  1.558E+00  6.421E+01  6.592E-04
 2.00E+02  4.726E-01  3.331E+00  1.742E+00  6.159E+01  7.766E-04
 2.50E+02  5.473E-01  3.488E+00  1.963E+00  5.622E+01  1.019E-03
 3.00E+02  6.291E-01  3.390E+00  2.076E+00  5.897E+01  1.267E-03
 3.50E+02  7.109E-01  3.280E+00  2.185E+00  5.680E+01  1.517E-03
 4.00E+02  7.879E-01  3.225E+00  2.326E+00  5.402E+01  1.768E-03
 4.50E+02  8.580E-01  3.225E+00  2.506E+00  5.129E+01  2.016E-03
 5.00E+02  9.209E-01  3.267E+00  2.716E+00  4.870E+01  2.260E-03
 6.00E+02  1.028E+00  3.442E+00  3.201E+00  4.480E+01  2.732E-03
 7.00E+02  1.117E+00  3.694E+00  3.731E+00  4.144E+01  3.174E-03
 8.00E+02  1.193E+00  3.996E+00  4.276E+00  3.913E+01  3.584E-03
 9.00E+02  1.261E+00  4.334E+00  4.811E+00  3.761E+01  3.959E-03
 1.00E+03  1.323E+00  4.699E+00  5.329E+00  3.574E+01  4.296E-03
 1.25E+03  1.461E+00  5.701E+00  6.524E+00  3.188E+01  4.990E-03
 1.50E+03  1.586E+00  6.804E+00  7.602E+00  2.896E+01  5.775E-03
 1.75E+03  1.701E+00  7.990E+00  8.610E+00  2.670E+01  6.569E-03
 2.00E+03  1.809E+00  9.247E+00  9.584E+00  2.476E+01  7.345E-03
 2.50E+03  2.010E+00  1.195E+01  1.151E+01  2.161E+01  8.798E-03
 3.00E+03  2.193E+00  1.489E+01  1.346E+01  1.926E+01  1.012E-02
 3.50E+03  2.363E+00  1.804E+01  1.547E+01  1.742E+01  1.130E-02
 4.00E+03  2.522E+00  2.140E+01  1.755E+01  1.595E+01  1.237E-02
 4.50E+03  2.673E+00  2.493E+01  1.969E+01  1.473E+01  1.335E-02
 5.00E+03  2.818E+00  2.865E+01  2.191E+01  1.390E+01  1.424E-02
 6.00E+03  3.089E+00  3.657E+01  2.655E+01  1.245E+01  1.583E-02
 7.00E+03  3.344E+00  4.513E+01  3.145E+01  1.131E+01  1.721E-02
 8.00E+03  3.583E+00  5.428E+01  3.657E+01  1.040E+01  1.841E-02
 9.00E+03  3.812E+00  6.399E+01  4.193E+01  9.614E+00  1.948E-02
 1.00E+04  4.033E+00  7.422E+01  4.750E+01  8.963E+00  2.045E-02
 1.25E+04  4.551E+00  1.020E+02  6.231E+01  7.711E+00  2.251E-02
 1.50E+04  5.035E+00  1.327E+02  7.829E+01  6.808E+00  2.421E-02
 1.75E+04  5.490E+00  1.662E+02  9.533E+01  6.123E+00  2.566E-02
 2.00E+04  5.924E+00  2.022E+02  1.134E+02  5.581E+00  2.693E-02
 2.50E+04  6.740E+00  2.811E+02  1.523E+02  4.789E+00  2.906E-02
 3.00E+04  7.502E+00  3.690E+02  1.946E+02  4.244E+00  3.087E-02
 3.50E+04  8.221E+00  4.648E+02  2.399E+02  3.832E+00  3.241E-02
 4.00E+04  8.907E+00  5.681E+02  2.882E+02  3.505E+00  3.377E-02
 4.50E+04  9.560E+00  6.785E+02  3.393E+02  3.241E+00  3.499E-02
 5.00E+04  1.019E+01  7.957E+02  3.926E+02  3.024E+00  3.613E-02
 6.00E+04  1.137E+01  1.049E+03  5.066E+02  2.688E+00  3.816E-02
 7.00E+04  1.248E+01  1.325E+03  6.291E+02  2.440E+00  3.999E-02
 8.00E+04  1.351E+01  1.623E+03  7.597E+02  2.248E+00  4.162E-02
 9.00E+04  1.449E+01  1.941E+03  8.976E+02  2.095E+00  4.313E-02
 1.00E+05  1.541E+01  2.277E+03  1.043E+03  1.970E+00  4.453E-02
 1.25E+05  1.771E+01  3.222E+03  1.424E+03  1.740E+00  4.772E-02
 1.50E+05  1.955E+01  4.241E+03  1.852E+03  1.583E+00  5.054E-02
 1.75E+05  2.119E+01  5.348E+03  2.311E+03  1.471E+00  5.313E-02
 2.00E+05  2.264E+01  6.534E+03  2.797E+03  1.387E+00  5.554E-02
 2.50E+05  2.511E+01  9.114E+03  3.847E+03  1.268E+00  6.016E-02
 3.00E+05  2.713E+01  1.194E+04  4.984E+03  1.191E+00  6.461E-02
 3.50E+05  2.879E+01  1.499E+04  6.199E+03  1.138E+00  6.900E-02
 4.00E+05  3.021E+01  1.824E+04  7.488E+03  1.100E+00  7.339E-02
 4.50E+05  3.139E+01  2.168E+04  8.845E+03  1.072E+00  7.781E-02
 5.00E+05  3.240E+01  2.530E+04  1.026E+04  1.051E+00  8.228E-02
 6.00E+05  3.403E+01  3.305E+04  1.329E+04  1.023E+00  9.132E-02
 7.00E+05  3.526E+01  4.145E+04  1.655E+04  1.007E+00  1.005E-01
 8.00E+05  3.623E+01  5.046E+04  2.003E+04  9.974E-01  1.098E-01
 9.00E+05  3.700E+01  6.007E+04  2.373E+04  9.926E-01  1.193E-01
 1.00E+06  3.761E+01  7.026E+04  2.766E+04  9.907E-01  1.290E-01
 1.25E+06  3.873E+01  9.822E+04  3.835E+04  9.931E-01  1.537E-01
 1.50E+06  3.945E+01  1.297E+05  5.034E+04  1.001E+00  1.792E-01
 1.75E+06  3.995E+01  1.645E+05  6.357E+04  1.010E+00  2.053E-01
 2.00E+06  4.031E+01  2.027E+05  7.804E+04  1.021E+00  2.320E-01
 2.50E+06  4.077E+01  2.891E+05  1.106E+05  1.041E+00  2.866E-01
 3.00E+06  4.105E+01  3.883E+05  1.479E+05  1.059E+00  3.427E-01
 3.50E+06  4.123E+01  5.004E+05  1.900E+05  1.076E+00  3.999E-01
 4.00E+06  4.136E+01  6.251E+05  2.366E+05  1.091E+00  4.583E-01
 4.50E+06  4.145E+01  7.622E+05  2.877E+05  1.105E+00  5.173E-01
 5.00E+06  4.151E+01  9.119E+05  3.434E+05  1.117E+00  5.772E-01
 6.00E+06  4.160E+01  1.248E+06  4.680E+05  1.138E+00  6.990E-01
 7.00E+06  4.166E+01  1.632E+06  6.102E+05  1.156E+00  8.234E-01
 8.00E+06  4.169E+01  2.065E+06  7.695E+05  1.172E+00  9.495E-01
 9.00E+06  4.172E+01  2.547E+06  9.463E+05  1.186E+00  1.077E+00
 1.00E+07  4.174E+01  3.075E+06  1.140E+06  1.198E+00  1.206E+00
 1.25E+07  4.177E+01  4.608E+06  1.699E+06  1.223E+00  1.535E+00
 1.50E+07  4.179E+01  6.446E+06  2.363E+06  1.243E+00  1.870E+00
 1.75E+07  4.180E+01  8.593E+06  3.134E+06  1.260E+00  2.209E+00
 2.00E+07  4.181E+01  1.106E+07  4.013E+06  1.274E+00  2.554E+00
 2.50E+07  4.182E+01  1.696E+07  6.097E+06  1.297E+00  3.252E+00
 3.00E+07  4.182E+01  2.423E+07  8.630E+06  1.315E+00  3.961E+00
 3.50E+07  4.182E+01  3.292E+07  1.162E+07  1.330E+00  4.679E+00
 4.00E+07  4.182E+01  4.312E+07  1.508E+07  1.343E+00  5.403E+00
 4.50E+07  4.182E+01  5.483E+07  1.904E+07  1.354E+00  6.133E+00
 5.00E+07  4.182E+01  6.808E+07  2.349E+07  1.364E+00  6.865E+00
 6.00E+07  4.182E+01  9.921E+07  3.386E+07  1.380E+00  8.344E+00
 7.00E+07  4.182E+01  1.364E+08  4.626E+07  1.393E+00  9.835E+00
 8.00E+07  4.182E+01  1.797E+08  6.064E+07  1.404E+00  1.134E+01
 9.00E+07  4.182E+01  2.288E+08  7.699E+07  1.414E+00  1.284E+01
 1.00E+08  4.182E+01  2.839E+08  9.531E+07  1.422E+00  1.436E+01
 1.25E+08  4.182E+01  4.470E+08  1.497E+08  1.440E+00  1.816E+01
 1.50E+08  4.182E+01  6.466E+08  2.163E+08  1.453E+00  2.198E+01
 1.75E+08  4.182E+01  8.829E+08  2.948E+08  1.465E+00  2.582E+01
 2.00E+08  4.182E+01  1.156E+09  3.858E+08  1.475E+00  2.967E+01
 2.50E+08  4.182E+01  1.810E+09  6.040E+08  1.490E+00  3.738E+01
 3.00E+08  4.182E+01  2.611E+09  8.710E+08  1.503E+00  4.511E+01
 3.50E+08  4.182E+01  3.558E+09  1.186E+09  1.514E+00  5.284E+01
 4.00E+08  4.182E+01  4.650E+09  1.551E+09  1.523E+00  6.057E+01
 4.50E+08  4.182E+01  5.888E+09  1.964E+09  1.530E+00  6.833E+01
 5.00E+08  4.182E+01  7.274E+09  2.425E+09  1.537E+00  7.609E+01
 6.00E+08  4.182E+01  1.048E+10  3.494E+09  1.549E+00  9.164E+01
 7.00E+08  4.182E+01  1.427E+10  4.758E+09  1.559E+00  1.072E+02
 8.00E+08  4.182E+01  1.865E+10  6.217E+09  1.568E+00  1.227E+02
 9.00E+08  4.182E+01  2.361E+10  7.872E+09  1.575E+00  1.383E+02
 1.00E+09  4.182E+01  2.916E+10  9.719E+09  1.582E+00  1.539E+02
P10  NUMBER OF INPUT ENERGIES=(106) FOR POSITRONS /.LT.180/
 1.00E+02  6.239E-01  2.684E+00  1.612E+00  1.000E+02  1.152E-06
 1.25E+02  6.708E-01  3.097E+00  1.848E+00  9.032E+01  1.884E-06
 1.50E+02  7.131E-01  3.490E+00  2.071E+00  8.216E+01  2.812E-06
 1.75E+02  7.517E-01  3.866E+00  2.285E+00  7.836E+01  3.938E-06
 2.00E+02  7.875E-01  4.229E+00  2.488E+00  7.480E+01  5.264E-06
 2.50E+02  8.529E-01  4.924E+00  2.879E+00  6.811E+01  8.510E-06
 3.00E+02  9.114E-01  5.589E+00  3.249E+00  7.123E+01  1.252E-05
 3.50E+02  9.654E-01  6.233E+00  3.603E+00  6.906E+01  1.726E-05
 4.00E+02  1.015E+00  6.859E+00  3.946E+00  6.599E+01  2.267E-05
 4.50E+02  1.062E+00  7.473E+00  4.280E+00  6.282E+01  2.871E-05
 5.00E+02  1.106E+00  8.077E+00  4.606E+00  5.981E+01  3.529E-05
 6.00E+02  1.188E+00  9.261E+00  5.239E+00  5.444E+01  4.989E-05
 7.00E+02  1.264E+00  1.043E+01  5.855E+00  4.993E+01  6.596E-05
 8.00E+02  1.334E+00  1.158E+01  6.458E+00  4.680E+01  8.309E-05
 9.00E+02  1.400E+00  1.271E+01  7.050E+00  4.480E+01  1.009E-04
 1.00E+03  1.462E+00  1.385E+01  7.634E+00  4.252E+01  1.189E-04
 1.25E+03  1.605E+00  1.669E+01  9.073E+00  3.781E+01  1.635E-04
 1.50E+03  1.735E+00  1.953E+01  1.050E+01  3.432E+01  2.159E-04
 1.75E+03  1.855E+00  2.239E+01  1.191E+01  3.151E+01  2.732E-04
 2.00E+03  1.967E+00  2.528E+01  1.333E+01  2.913E+01  3.339E-04
 2.50E+03  2.173E+00  3.119E+01  1.618E+01  2.531E+01  4.605E-04
 3.00E+03  2.361E+00  3.728E+01  1.906E+01  2.243E+01  5.903E-04
 3.50E+03  2.535E+00  4.356E+01  2.200E+01  2.019E+01  7.193E-04
 4.00E+03  2.701E+00  5.003E+01  2.500E+01  1.840E+01  8.469E-04
 4.50E+03  2.855E+00  5.669E+01  2.806E+01  1.693E+01  9.720E-04
 5.00E+03  3.005E+00  6.354E+01  3.119E+01  1.591E+01  1.094E-03
 6.00E+03  3.283E+00  7.781E+01  3.763E+01  1.421E+01  1.331E-03
 7.00E+03  3.545E+00  9.281E+01  4.433E+01  1.289E+01  1.556E-03
 8.00E+03  3.792E+00  1.085E+02  5.129E+01  1.184E+01  1.770E-03
 9.00E+03  4.027E+00  1.249E+02  5.851E+01  1.094E+01  1.975E-03
 1.00E+04  4.253E+00  1.420E+02  6.598E+01  1.018E+01  2.172E-03
 1.25E+04  4.783E+00  1.875E+02  8.569E+01  8.713E+00  2.633E-03
 1.50E+04  5.276E+00  2.368E+02  1.068E+02  7.652E+00  3.059E-03
 1.75E+04  5.741E+00  2.894E+02  1.293E+02  6.848E+00  3.458E-03
 2.00E+04  6.184E+00  3.456E+02  1.531E+02  6.217E+00  3.833E-03
 2.50E+04  7.016E+00  4.674E+02  2.041E+02  5.297E+00  4.525E-03
 3.00E+04  7.793E+00  6.012E+02  2.597E+02  4.669E+00  5.163E-03
 3.50E+04  8.525E+00  7.462E+02  3.195E+02  4.198E+00  5.753E-03
 4.00E+04  9.222E+00  9.019E+02  3.830E+02  3.826E+00  6.307E-03
 4.50E+04  9.887E+00  1.068E+03  4.504E+02  3.526E+00  6.828E-03
 5.00E+04  1.052E+01  1.243E+03  5.213E+02  3.279E+00  7.328E-03
 6.00E+04  1.172E+01  1.623E+03  6.733E+02  2.896E+00  8.264E-03
 7.00E+04  1.284E+01  2.038E+03  8.382E+02  2.612E+00  9.142E-03
 8.00E+04  1.389E+01  2.486E+03  1.015E+03  2.393E+00  9.959E-03
 9.00E+04  1.488E+01  2.966E+03  1.203E+03  2.219E+00  1.074E-02
 1.00E+05  1.580E+01  3.477E+03  1.401E+03  2.077E+00  1.148E-02
 1.25E+05  1.771E+01  4.847E+03  1.972E+03  1.817E+00  1.322E-02
 1.50E+05  1.955E+01  6.389E+03  2.560E+03  1.640E+00  1.482E-02
 1.75E+05  2.119E+01  8.079E+03  3.198E+03  1.513E+00  1.632E-02
 2.00E+05  2.264E+01  9.904E+03  3.879E+03  1.418E+00  1.776E-02
 2.50E+05  2.511E+01  1.391E+04  5.362E+03  1.285E+00  2.052E-02
 3.00E+05  2.713E+01  1.835E+04  6.983E+03  1.198E+00  2.321E-02
 3.50E+05  2.879E+01  2.315E+04  8.726E+03  1.137E+00  2.587E-02
 4.00E+05  3.021E+01  2.829E+04  1.058E+04  1.094E+00  2.854E-02
 4.50E+05  3.139E+01  3.373E+04  1.253E+04  1.062E+00  3.123E-02
 5.00E+05  3.240E+01  3.944E+04  1.457E+04  1.038E+00  3.397E-02
 6.00E+05  3.403E+01  5.164E+04  1.890E+04  1.005E+00  3.954E-02
 7.00E+05  3.526E+01  6.478E+04  2.355E+04  9.853E-01  4.527E-02
 8.00E+05  3.623E+01  7.881E+04  2.848E+04  9.736E-01  5.116E-02
 9.00E+05  3.700E+01  9.367E+04  3.373E+04  9.670E-01  5.724E-02
 1.00E+06  3.761E+01  1.093E+05  3.922E+04  9.636E-01  6.347E-02
 1.25E+06  3.873E+01  1.519E+05  5.413E+04  9.635E-01  7.980E-02
 1.50E+06  3.945E+01  1.992E+05  7.065E+04  9.694E-01  9.705E-02
 1.75E+06  3.995E+01  2.510E+05  8.874E+04  9.779E-01  1.152E-01
 2.00E+06  4.031E+01  3.075E+05  1.084E+05  9.872E-01  1.340E-01
 2.50E+06  4.077E+01  4.332E+05  1.521E+05  1.006E+00  1.737E-01
 3.00E+06  4.105E+01  5.760E+05  2.018E+05  1.024E+00  2.155E-01
 3.50E+06  4.123E+01  7.358E+05  2.571E+05  1.040E+00  2.593E-01
 4.00E+06  4.136E+01  9.119E+05  3.183E+05  1.055E+00  3.049E-01
 4.50E+06  4.145E+01  1.105E+06  3.848E+05  1.068E+00  3.516E-01
 5.00E+06  4.151E+01  1.313E+06  4.569E+05  1.080E+00  3.998E-01
 6.00E+06  4.160E+01  1.777E+06  6.173E+05  1.101E+00  4.995E-01
 7.00E+06  4.166E+01  2.303E+06  7.988E+05  1.118E+00  6.032E-01
 8.00E+06  4.169E+01  2.889E+06  1.001E+06  1.134E+00  7.102E-01
 9.00E+06  4.172E+01  3.537E+06  1.224E+06  1.147E+00  8.200E-01
 1.00E+07  4.174E+01  4.244E+06  1.467E+06  1.159E+00  9.320E-01
 1.25E+07  4.177E+01  6.266E+06  2.161E+06  1.184E+00  1.222E+00
 1.50E+07  4.179E+01  8.651E+06  2.979E+06  1.204E+00  1.522E+00
 1.75E+07  4.180E+01  1.139E+07  3.916E+06  1.221E+00  1.830E+00
 2.00E+07  4.181E+01  1.449E+07  4.973E+06  1.235E+00  2.146E+00
 2.50E+07  4.182E+01  2.175E+07  7.442E+06  1.258E+00  2.793E+00
 3.00E+07  4.182E+01  3.045E+07  1.039E+07  1.276E+00  3.458E+00
 3.50E+07  4.182E+01  4.055E+07  1.380E+07  1.291E+00  4.136E+00
 4.00E+07  4.182E+01  5.212E+07  1.769E+07  1.304E+00  4.825E+00
 4.50E+07  4.182E+01  6.513E+07  2.206E+07  1.314E+00  5.522E+00
 5.00E+07  4.182E+01  7.959E+07  2.690E+07  1.324E+00  6.225E+00
 6.00E+07  4.182E+01  1.129E+08  3.806E+07  1.340E+00  7.652E+00
 7.00E+07  4.182E+01  1.521E+08  5.114E+07  1.353E+00  9.097E+00
 8.00E+07  4.182E+01  1.971E+08  6.615E+07  1.364E+00  1.056E+01
 9.00E+07  4.182E+01  2.479E+08  8.313E+07  1.374E+00  1.203E+01
 1.00E+08  4.182E+01  3.048E+08  1.020E+08  1.382E+00  1.351E+01
 1.25E+08  4.182E+01  4.720E+08  1.578E+08  1.400E+00  1.724E+01
 1.50E+08  4.182E+01  6.757E+08  2.258E+08  1.414E+00  2.101E+01
 1.75E+08  4.182E+01  9.160E+08  3.058E+08  1.425E+00  2.480E+01
 2.00E+08  4.182E+01  1.193E+09  3.981E+08  1.435E+00  2.862E+01
 2.50E+08  4.182E+01  1.856E+09  6.192E+08  1.451E+00  3.626E+01
 3.00E+08  4.182E+01  2.665E+09  8.888E+08  1.463E+00  4.395E+01
 3.50E+08  4.182E+01  3.620E+09  1.207E+09  1.474E+00  5.165E+01
 4.00E+08  4.182E+01  4.722E+09  1.575E+09  1.483E+00  5.936E+01
 4.50E+08  4.182E+01  5.968E+09  1.990E+09  1.491E+00  6.710E+01
 5.00E+08  4.182E+01  7.361E+09  2.454E+09  1.498E+00  7.486E+01
 6.00E+08  4.182E+01  1.059E+10  3.529E+09  1.510E+00  9.040E+01
 7.00E+08  4.182E+01  1.440E+10  4.799E+09  1.519E+00  1.060E+02
 8.00E+08  4.182E+01  1.879E+10  6.263E+09  1.528E+00  1.215E+02
 9.00E+08  4.182E+01  2.376E+10  7.922E+09  1.536E+00  1.371E+02
 1.00E+09  4.182E+01  2.933E+10  9.775E+09  1.542E+00  1.528E+02
P12  NUMBER OF INPUT ENERGIES=(120) FOR PHOTONS /.LT.400/
 1.000E+03  1.248E+01  1.146E-02  5.197E+03  1.000E-35
 1.250E+03  1.224E+01  1.323E-02  3.353E+03  1.000E-35
 1.500E+03  1.196E+01  1.493E-02  2.344E+03  1.000E-35
 1.750E+03  1.167E+01  1.655E-02  1.691E+03  1.000E-35
 2.000E+03  1.137E+01  1.807E-02  1.274E+03  1.000E-35
 2.484E+03  1.078E+01  2.082E-02  7.900E+02  1.000E-35
 2.484E+03  1.078E+01  2.082E-02  1.385E+03  1.000E-35
 2.500E+03  1.076E+01  2.091E-02  1.461E+03  1.000E-35
 2.586E+03  1.066E+01  2.138E-02  1.933E+03  1.000E-35
 2.586E+03  1.066E+01  2.138E-02  2.439E+03  1.000E-35
 3.000E+03  1.016E+01  2.356E-02  1.955E+03  1.000E-35
 3.066E+03  1.009E+01  2.390E-02  1.847E+03  1.000E-35
 3.066E+03  1.009E+01  2.390E-02  2.136E+03  1.000E-35
 3.500E+03  9.601E+00  2.606E-02  1.543E+03  1.000E-35
 3.554E+03  9.542E+00  2.632E-02  1.486E+03  1.000E-35
 3.554E+03  9.542E+00  2.632E-02  1.575E+03  1.000E-35
 3.700E+03  9.386E+00  2.702E-02  1.432E+03  1.000E-35
 3.851E+03  9.227E+00  2.774E-02  1.302E+03  1.000E-35
 3.851E+03  9.227E+00  2.774E-02  1.358E+03  1.000E-35
 4.000E+03  9.074E+00  2.844E-02  1.242E+03  1.000E-35
 4.500E+03  8.582E+00  3.072E-02  9.328E+02  1.000E-35
 5.000E+03  8.124E+00  3.292E-02  7.222E+02  1.000E-35
 6.000E+03  7.298E+00  3.706E-02  4.598E+02  1.000E-35
 7.000E+03  6.577E+00  4.092E-02  3.117E+02  1.000E-35
 8.000E+03  5.947E+00  4.451E-02  2.226E+02  1.000E-35
 9.000E+03  5.396E+00  4.784E-02  1.646E+02  1.000E-35
 1.000E+04  4.912E+00  5.093E-02  1.256E+02  1.000E-35
 1.250E+04  3.943E+00  5.774E-02  7.036E+01  1.000E-35
 1.304E+04  3.773E+00  5.905E-02  6.310E+01  1.000E-35
 1.304E+04  3.773E+00  5.905E-02  1.582E+02  1.000E-35
 1.500E+04  3.232E+00  6.348E-02  1.082E+02  1.000E-35
 1.520E+04  3.183E+00  6.390E-02  1.045E+02  1.000E-35
 1.520E+04  3.183E+00  6.390E-02  1.452E+02  1.000E-35
 1.553E+04  3.106E+00  6.457E-02  1.380E+02  1.000E-35
 1.586E+04  3.031E+00  6.525E-02  1.312E+02  1.000E-35
 1.586E+04  3.031E+00  6.525E-02  1.517E+02  1.000E-35
 1.750E+04  2.697E+00  6.834E-02  1.180E+02  1.000E-35
 2.000E+04  2.286E+00  7.250E-02  8.397E+01  1.000E-35
 2.500E+04  1.707E+00  7.919E-02  4.665E+01  1.000E-35
 3.000E+04  1.326E+00  8.433E-02  2.886E+01  1.000E-35
 3.500E+04  1.062E+00  8.833E-02  1.909E+01  1.000E-35
 4.000E+04  8.707E-01  9.144E-02  1.335E+01  1.000E-35
 4.500E+04  7.277E-01  9.384E-02  9.702E+00  1.000E-35
 5.000E+04  6.178E-01  9.567E-02  7.292E+00  1.000E-35
 6.000E+04  4.621E-01  9.807E-02  4.432E+00  1.000E-35
 7.000E+04  3.591E-01  9.932E-02  2.904E+00  1.000E-35
 8.000E+04  2.873E-01  9.979E-02  2.012E+00  1.000E-35
 8.800E+04  2.443E-01  9.978E-02  1.547E+00  1.000E-35
 8.800E+04  2.443E-01  9.978E-02  7.321E+00  1.000E-35
 9.000E+04  2.351E-01  9.975E-02  6.903E+00  1.000E-35
 1.000E+05  1.960E-01  9.934E-02  5.237E+00  1.000E-35
 1.250E+05  1.322E-01  9.746E-02  2.926E+00  1.000E-35
 1.500E+05  9.523E-02  9.499E-02  1.815E+00  1.000E-35
 1.750E+05  7.213E-02  9.236E-02  1.207E+00  1.000E-35
 2.000E+05  5.662E-02  8.975E-02  8.464E-01  1.000E-35
 2.500E+05  3.761E-02  8.483E-02  4.701E-01  1.000E-35
 3.000E+05  2.680E-02  8.044E-02  2.930E-01  1.000E-35
 3.500E+05  2.006E-02  7.656E-02  1.978E-01  1.000E-35
 4.000E+05  1.557E-02  7.313E-02  1.417E-01  1.000E-35
 4.500E+05  1.244E-02  7.007E-02  1.063E-01  1.000E-35
 5.000E+05  1.016E-02  6.733E-02  8.257E-02  1.000E-35
 6.000E+05  7.152E-03  6.261E-02  5.406E-02  1.000E-35
 7.000E+05  5.305E-03  5.867E-02  3.830E-02  1.000E-35
 8.000E+05  4.090E-03  5.532E-02  2.871E-02  1.000E-35
 9.000E+05  3.249E-03  5.242E-02  2.244E-02  1.000E-35
 1.000E+06  2.643E-03  4.989E-02  1.810E-02  1.000E-35
 1.022E+06  2.533E-03  4.937E-02  1.732E-02  1.000E-35
 1.250E+06  1.704E-03  4.471E-02  1.168E-02  3.781E-04
 1.500E+06  1.189E-03  4.069E-02  8.321E-03  1.806E-03
 1.750E+06  8.761E-04  3.744E-02  6.325E-03  3.623E-03
 2.000E+06  6.722E-04  3.476E-02  5.034E-03  5.450E-03
 2.044E+06  6.437E-04  3.434E-02  4.854E-03  5.769E-03
 2.500E+06  4.313E-04  3.055E-02  3.495E-03  8.893E-03
 3.000E+06  3.000E-04  2.738E-02  2.631E-03  1.193E-02
 3.500E+06  2.206E-04  2.487E-02  2.090E-03  1.467E-02
 4.000E+06  1.690E-04  2.284E-02  1.723E-03  1.716E-02
 4.500E+06  1.336E-04  2.116E-02  1.459E-03  1.944E-02
 5.000E+06  1.082E-04  1.974E-02  1.263E-03  2.155E-02
 6.000E+06  7.519E-05  1.745E-02  9.894E-04  2.535E-02
 7.000E+06  5.526E-05  1.568E-02  8.103E-04  2.869E-02
 8.000E+06  4.231E-05  1.427E-02  6.845E-04  3.171E-02
 9.000E+06  3.344E-05  1.311E-02  5.915E-04  3.445E-02
 1.000E+07  2.709E-05  1.215E-02  5.203E-04  3.698E-02
 1.100E+07  2.239E-05  1.133E-02  4.642E-04  3.931E-02
 1.200E+07  1.881E-05  1.062E-02  4.185E-04  4.150E-02
 1.300E+07  1.603E-05  1.001E-02  3.810E-04  4.353E-02
 1.400E+07  1.382E-05  9.467E-03  3.496E-04  4.545E-02
 1.500E+07  1.204E-05  8.987E-03  3.229E-04  4.722E-02
 1.600E+07  1.058E-05  8.557E-03  2.999E-04  4.887E-02
 1.800E+07  8.360E-06  7.819E-03  2.625E-04  5.189E-02
 2.000E+07  6.772E-06  7.209E-03  2.334E-04  5.457E-02
 2.200E+07  5.596E-06  6.694E-03  2.099E-04  5.700E-02
 2.400E+07  4.702E-06  6.253E-03  1.908E-04  5.921E-02
 2.600E+07  4.007E-06  5.872E-03  1.748E-04  6.122E-02
 2.800E+07  3.455E-06  5.538E-03  1.613E-04  6.308E-02
 3.000E+07  3.010E-06  5.242E-03  1.497E-04  6.480E-02
 3.500E+07  2.211E-06  4.635E-03  1.269E-04  6.858E-02
 4.000E+07  1.693E-06  4.162E-03  1.101E-04  7.180E-02
 4.500E+07  1.338E-06  3.783E-03  9.718E-05  7.456E-02
 5.000E+07  1.083E-06  3.472E-03  8.699E-05  7.697E-02
 6.000E+07  7.524E-07  2.989E-03  7.191E-05  8.099E-02
 7.000E+07  5.528E-07  2.632E-03  6.129E-05  8.424E-02
 8.000E+07  4.232E-07  2.355E-03  5.339E-05  8.691E-02
 9.000E+07  3.344E-07  2.134E-03  4.729E-05  8.916E-02
 1.000E+08  2.709E-07  1.954E-03  4.243E-05  9.108E-02
 1.250E+08  1.734E-07  1.619E-03  3.378E-05  9.486E-02
 1.500E+08  1.204E-07  1.387E-03  2.806E-05  9.766E-02
 1.750E+08  8.844E-08  1.216E-03  2.400E-05  9.983E-02
 2.000E+08  6.772E-08  1.085E-03  2.096E-05  1.016E-01
 2.500E+08  4.334E-08  8.953E-04  1.673E-05  1.042E-01
 3.000E+08  3.010E-08  7.648E-04  1.392E-05  1.061E-01
 3.500E+08  2.211E-08  6.691E-04  1.191E-05  1.076E-01
 4.000E+08  1.693E-08  5.957E-04  1.041E-05  1.087E-01
 4.500E+08  1.338E-08  5.375E-04  9.250E-06  1.096E-01
 5.000E+08  1.083E-08  4.902E-04  8.321E-06  1.104E-01
 6.000E+08  7.524E-09  4.178E-04  6.929E-06  1.116E-01
 7.000E+08  5.528E-09  3.649E-04  5.935E-06  1.125E-01
 8.000E+08  4.232E-09  3.244E-04  5.191E-06  1.133E-01
 9.000E+08  3.344E-09  2.923E-04  4.613E-06  1.138E-01
 1.000E+09  2.709E-09  2.663E-04  4.150E-06  1.143E-01
