 13
 1.00E+02 5.112E+08 2.103E+08 1.812E+08 4.103E+08 6.918E+07 1.304E+08 3.240E+04
 1.25E+02 4.563E+08 1.697E+08 1.503E+08 3.690E+08 5.587E+07 1.068E+08 3.896E+04
 1.50E+02 4.140E+08 1.402E+08 1.289E+08 3.370E+08 4.668E+07 9.019E+07 4.529E+04
 1.75E+02 3.800E+08 1.183E+08 1.130E+08 3.113E+08 3.997E+07 7.788E+07 5.141E+04
 2.00E+02 3.519E+08 1.014E+08 1.007E+08 2.899E+08 3.487E+07 6.840E+07 5.735E+04
 2.50E+02 3.079E+08 7.757E+07 8.263E+07 2.564E+08 2.763E+07 5.477E+07 6.870E+04
 3.00E+02 2.748E+08 6.172E+07 6.994E+07 2.310E+08 2.277E+07 4.547E+07 7.940E+04
 3.50E+02 2.489E+08 5.058E+07 6.046E+07 2.110E+08 1.927E+07 3.873E+07 8.946E+04
 4.00E+02 2.281E+08 4.241E+07 5.308E+07 1.946E+08 1.665E+07 3.364E+07 9.893E+04
 4.50E+02 2.108E+08 3.620E+07 4.718E+07 1.810E+08 1.462E+07 2.966E+07 1.078E+05
 5.00E+02 1.963E+08 3.135E+07 4.233E+07 1.694E+08 1.299E+07 2.647E+07 1.161E+05
 6.00E+02 1.732E+08 2.433E+07 3.487E+07 1.507E+08 1.056E+07 2.167E+07 1.312E+05
 7.00E+02 1.555E+08 1.955E+07 2.940E+07 1.361E+08 8.839E+06 1.825E+07 1.443E+05
 8.00E+02 1.414E+08 1.613E+07 2.523E+07 1.244E+08 7.556E+06 1.569E+07 1.556E+05
 9.00E+02 1.299E+08 1.358E+07 2.196E+07 1.148E+08 6.567E+06 1.371E+07 1.653E+05
 1.00E+03 1.204E+08 1.162E+07 1.933E+07 1.067E+08 5.783E+06 1.213E+07 1.736E+05
 1.25E+03 1.020E+08 8.306E+06 1.460E+07 9.109E+07 4.393E+06 9.312E+06 1.888E+05
 1.50E+03 8.885E+07 6.277E+06 1.150E+07 7.977E+07 3.488E+06 7.462E+06 2.008E+05
 1.75E+03 7.887E+07 4.934E+06 9.327E+06 7.115E+07 2.857E+06 6.162E+06 2.106E+05
 2.00E+03 7.102E+07 3.994E+06 7.743E+06 6.432E+07 2.395E+06 5.203E+06 2.189E+05
 2.50E+03 5.937E+07 2.789E+06 5.617E+06 5.415E+07 1.770E+06 3.894E+06 2.321E+05
 3.00E+03 5.111E+07 2.070E+06 4.284E+06 4.690E+07 1.372E+06 3.051E+06 2.423E+05
 3.50E+03 4.493E+07 1.603E+06 3.388E+06 4.144E+07 1.101E+06 2.471E+06 2.505E+05
 4.00E+03 4.012E+07 1.282E+06 2.755E+06 3.717E+07 9.068E+05 2.050E+06 2.573E+05
 4.50E+03 3.626E+07 1.050E+06 2.289E+06 3.374E+07 7.617E+05 1.734E+06 2.629E+05
 5.00E+03 3.309E+07 8.781E+05 1.935E+06 3.090E+07 6.503E+05 1.489E+06 2.677E+05
 6.00E+03 2.820E+07 6.424E+05 1.442E+06 2.650E+07 4.921E+05 1.139E+06 2.756E+05
 7.00E+03 2.459E+07 4.921E+05 1.120E+06 2.323E+07 3.870E+05 9.032E+05 2.817E+05
 8.00E+03 2.182E+07 3.901E+05 8.975E+05 2.071E+07 3.133E+05 7.364E+05 2.865E+05
 9.00E+03 1.963E+07 3.175E+05 7.372E+05 1.869E+07 2.594E+05 6.136E+05 2.905E+05
 1.00E+04 1.784E+07 2.639E+05 6.175E+05 1.705E+07 2.187E+05 5.202E+05 2.939E+05
 1.25E+04 1.457E+07 1.781E+05 4.230E+05 1.401E+07 1.516E+05 3.646E+05 3.002E+05
 1.50E+04 1.234E+07 1.289E+05 3.097E+05 1.192E+07 1.119E+05 2.714E+05 3.046E+05
 1.75E+04 1.072E+07 9.805E+04 2.376E+05 1.039E+07 8.626E+04 2.108E+05 3.078E+05
 2.00E+04 9.493E+06 7.732E+04 1.887E+05 9.231E+06 6.875E+04 1.690E+05 3.103E+05
 2.50E+04 7.755E+06 5.197E+04 1.283E+05 7.574E+06 4.691E+04 1.165E+05 3.138E+05
 3.00E+04 6.584E+06 3.756E+04 9.350E+04 6.449E+06 3.425E+04 8.570E+04 3.162E+05
 3.50E+04 5.740E+06 2.855E+04 7.157E+04 5.635E+06 2.622E+04 6.603E+04 3.181E+05
 4.00E+04 5.104E+06 2.253E+04 5.679E+04 5.019E+06 2.079E+04 5.264E+04 3.196E+05
 4.50E+04 4.607E+06 1.828E+04 4.632E+04 4.537E+06 1.694E+04 4.310E+04 3.209E+05
 5.00E+04 4.208E+06 1.517E+04 3.861E+04 4.149E+06 1.410E+04 3.603E+04 3.222E+05
 6.00E+04 3.608E+06 1.101E+04 2.821E+04 3.563E+06 1.027E+04 2.643E+04 3.245E+05
 7.00E+04 3.178E+06 8.399E+03 2.166E+04 3.142E+06 7.862E+03 2.035E+04 3.268E+05
 8.00E+04 2.855E+06 6.655E+03 1.725E+04 2.826E+06 6.240E+03 1.624E+04 3.293E+05
 9.00E+04 2.603E+06 5.426E+03 1.413E+04 2.579E+06 5.094E+03 1.332E+04 3.320E+05
 1.00E+05 2.402E+06 4.524E+03 1.183E+04 2.381E+06 4.251E+03 1.116E+04 3.350E+05
 1.25E+05 2.031E+06 3.070E+03 8.093E+03 2.031E+06 2.902E+03 7.669E+03 3.431E+05
 1.50E+05 1.792E+06 2.259E+03 5.995E+03 1.792E+06 2.135E+03 5.684E+03 3.524E+05
 1.75E+05 1.621E+06 1.748E+03 4.665E+03 1.621E+06 1.651E+03 4.423E+03 3.627E+05
 2.00E+05 1.494E+06 1.403E+03 3.762E+03 1.494E+06 1.325E+03 3.567E+03 3.738E+05
 2.50E+05 1.317E+06 9.766E+02 2.638E+03 1.317E+06 9.213E+02 2.501E+03 3.982E+05
 3.00E+05 1.200E+06 7.297E+02 1.983E+03 1.200E+06 6.879E+02 1.880E+03 4.250E+05
 3.50E+05 1.117E+06 5.722E+02 1.563E+03 1.117E+06 5.390E+02 1.481E+03 4.540E+05
 4.00E+05 1.057E+06 4.645E+02 1.274E+03 1.057E+06 4.374E+02 1.207E+03 4.848E+05
 4.50E+05 1.010E+06 3.871E+02 1.065E+03 1.010E+06 3.644E+02 1.009E+03 5.172E+05
 5.00E+05 9.730E+05 3.292E+02 9.083E+02 9.730E+05 3.098E+02 8.603E+02 5.511E+05
 6.00E+05 9.191E+05 2.491E+02 6.907E+02 9.191E+05 2.344E+02 6.543E+02 6.229E+05
 7.00E+05 8.818E+05 1.971E+02 5.485E+02 8.818E+05 1.855E+02 5.197E+02 6.990E+05
 8.00E+05 8.548E+05 1.610E+02 4.494E+02 8.548E+05 1.515E+02 4.259E+02 7.791E+05
 9.00E+05 8.345E+05 1.347E+02 3.768E+02 8.345E+05 1.268E+02 3.573E+02 8.624E+05
 1.00E+06 8.187E+05 1.148E+02 3.218E+02 8.187E+05 1.081E+02 3.053E+02 9.493E+05
 1.25E+06 7.919E+05 8.173E+01 2.300E+02 7.919E+05 7.703E+01 2.184E+02 1.179E+06
 1.50E+06 7.753E+05 6.176E+01 1.743E+02 7.753E+05 5.826E+01 1.656E+02 1.423E+06
 1.75E+06 7.644E+05 4.862E+01 1.375E+02 7.644E+05 4.590E+01 1.308E+02 1.681E+06
 2.00E+06 7.567E+05 3.943E+01 1.117E+02 7.567E+05 3.726E+01 1.063E+02 1.949E+06
 2.50E+06 7.469E+05 2.766E+01 7.856E+01 7.469E+05 2.618E+01 7.488E+01 2.511E+06
 3.00E+06 7.411E+05 2.060E+01 5.863E+01 7.411E+05 1.952E+01 5.595E+01 3.102E+06
 3.50E+06 7.374E+05 1.601E+01 4.562E+01 7.374E+05 1.518E+01 4.358E+01 3.715E+06
 4.00E+06 7.349E+05 1.283E+01 3.661E+01 7.349E+05 1.218E+01 3.500E+01 4.347E+06
 4.50E+06 7.331E+05 1.053E+01 3.009E+01 7.331E+05 1.001E+01 2.879E+01 4.996E+06
 5.00E+06 7.317E+05 8.817E+00 2.521E+01 7.317E+05 8.386E+00 2.414E+01 5.658E+06
 6.00E+06 7.300E+05 6.460E+00 1.850E+01 7.300E+05 6.152E+00 1.773E+01 7.019E+06
 7.00E+06 7.288E+05 4.951E+00 1.420E+01 7.288E+05 4.721E+00 1.362E+01 8.421E+06
 8.00E+06 7.281E+05 3.924E+00 1.126E+01 7.281E+05 3.745E+00 1.082E+01 9.856E+06
 9.00E+06 7.276E+05 3.191E+00 9.167E+00 7.276E+05 3.048E+00 8.810E+00 1.132E+07
 1.00E+07 7.272E+05 2.649E+00 7.616E+00 7.272E+05 2.532E+00 7.325E+00 1.280E+07
 1.25E+07 7.266E+05 1.781E+00 5.127E+00 7.266E+05 1.704E+00 4.937E+00 1.660E+07
 1.50E+07 7.263E+05 1.283E+00 3.699E+00 7.263E+05 1.229E+00 3.565E+00 2.050E+07
 1.75E+07 7.261E+05 9.700E-01 2.800E+00 7.261E+05 9.307E-01 2.702E+00 2.446E+07
 2.00E+07 7.259E+05 7.604E-01 2.198E+00 7.259E+05 7.302E-01 2.122E+00 2.848E+07
 2.50E+07 7.258E+05 5.047E-01 1.461E+00 7.258E+05 4.854E-01 1.413E+00 3.665E+07
 3.00E+07 7.257E+05 3.600E-01 1.044E+00 7.257E+05 3.468E-01 1.011E+00 4.494E+07
 3.50E+07 7.256E+05 2.700E-01 7.848E-01 7.256E+05 2.604E-01 7.604E-01 5.333E+07
 4.00E+07 7.256E+05 2.102E-01 6.118E-01 7.256E+05 2.029E-01 5.934E-01 6.179E+07
 4.50E+07 7.256E+05 1.682E-01 4.907E-01 7.256E+05 1.626E-01 4.763E-01 7.032E+07
 5.00E+07 7.256E+05 1.377E-01 4.024E-01 7.256E+05 1.333E-01 3.909E-01 7.890E+07
 6.00E+07 7.256E+05 9.720E-02 2.848E-01 7.256E+05 9.426E-02 2.772E-01 9.618E+07
 7.00E+07 7.256E+05 7.220E-02 2.122E-01 7.256E+05 7.016E-02 2.068E-01 1.136E+08
 8.00E+07 7.256E+05 5.570E-02 1.642E-01 7.256E+05 5.423E-02 1.602E-01 1.311E+08
 9.00E+07 7.256E+05 4.425E-02 1.307E-01 7.256E+05 4.315E-02 1.278E-01 1.487E+08
 1.00E+08 7.256E+05 3.598E-02 1.065E-01 7.256E+05 3.515E-02 1.042E-01 1.664E+08
 1.25E+08 7.256E+05 2.316E-02 6.884E-02 7.256E+05 2.270E-02 6.755E-02 2.109E+08
 1.50E+08 7.256E+05 1.613E-02 4.807E-02 7.256E+05 1.585E-02 4.727E-02 2.556E+08
 1.75E+08 7.256E+05 1.187E-02 3.543E-02 7.256E+05 1.169E-02 3.491E-02 3.005E+08
 2.00E+08 7.256E+05 9.097E-03 2.719E-02 7.256E+05 8.974E-03 2.683E-02 3.456E+08
 2.50E+08 7.256E+05 5.828E-03 1.744E-02 7.256E+05 5.763E-03 1.725E-02 4.361E+08
 3.00E+08 7.256E+05 4.049E-03 1.213E-02 7.256E+05 4.011E-03 1.201E-02 5.270E+08
 3.50E+08 7.256E+05 2.976E-03 8.916E-03 7.256E+05 2.952E-03 8.844E-03 6.181E+08
 4.00E+08 7.256E+05 2.279E-03 6.829E-03 7.256E+05 2.262E-03 6.781E-03 7.093E+08
 4.50E+08 7.256E+05 1.800E-03 5.397E-03 7.256E+05 1.789E-03 5.363E-03 8.008E+08
 5.00E+08 7.256E+05 1.458E-03 4.373E-03 7.256E+05 1.450E-03 4.348E-03 8.923E+08
 6.00E+08 7.256E+05 1.013E-03 3.037E-03 7.256E+05 1.008E-03 3.023E-03 1.076E+09
 7.00E+08 7.256E+05 7.441E-04 2.232E-03 7.256E+05 7.411E-04 2.223E-03 1.259E+09
 8.00E+08 7.256E+05 5.697E-04 1.709E-03 7.256E+05 5.677E-04 1.703E-03 1.443E+09
 9.00E+08 7.256E+05 4.501E-04 1.350E-03 7.256E+05 4.487E-04 1.346E-03 1.627E+09
 1.00E+09 7.256E+05 3.646E-04 1.093E-03 7.256E+05 3.636E-04 1.090E-03 1.811E+09
