 27
 1.00E+02 4.017E+08 2.155E+08 2.528E+08 3.775E+08 8.352E+07 1.456E+08 6.650E+04
 1.25E+02 3.931E+08 2.009E+08 2.155E+08 3.459E+08 7.063E+07 1.243E+08 8.263E+04
 1.50E+02 3.782E+08 1.858E+08 1.822E+08 3.213E+08 6.142E+07 1.088E+08 9.864E+04
 1.75E+02 3.615E+08 1.713E+08 1.554E+08 3.014E+08 5.447E+07 9.710E+07 1.145E+05
 2.00E+02 3.448E+08 1.578E+08 1.345E+08 2.848E+08 4.901E+07 8.783E+07 1.303E+05
 2.50E+02 3.144E+08 1.345E+08 1.058E+08 2.584E+08 4.093E+07 7.403E+07 1.612E+05
 3.00E+02 2.889E+08 1.157E+08 8.812E+07 2.382E+08 3.522E+07 6.419E+07 1.911E+05
 3.50E+02 2.676E+08 1.006E+08 7.665E+07 2.220E+08 3.093E+07 5.677E+07 2.201E+05
 4.00E+02 2.499E+08 8.837E+07 6.870E+07 2.086E+08 2.759E+07 5.095E+07 2.478E+05
 4.50E+02 2.349E+08 7.831E+07 6.281E+07 1.973E+08 2.490E+07 4.625E+07 2.743E+05
 5.00E+02 2.221E+08 6.995E+07 5.822E+07 1.876E+08 2.268E+07 4.236E+07 2.995E+05
 6.00E+02 2.012E+08 5.701E+07 5.126E+07 1.717E+08 1.924E+07 3.629E+07 3.462E+05
 7.00E+02 1.850E+08 4.753E+07 4.601E+07 1.590E+08 1.668E+07 3.174E+07 3.877E+05
 8.00E+02 1.718E+08 4.037E+07 4.175E+07 1.486E+08 1.469E+07 2.819E+07 4.243E+05
 9.00E+02 1.609E+08 3.481E+07 3.817E+07 1.399E+08 1.311E+07 2.535E+07 4.562E+05
 1.00E+03 1.517E+08 3.040E+07 3.508E+07 1.324E+08 1.182E+07 2.300E+07 4.838E+05
 1.25E+03 1.337E+08 2.261E+07 2.892E+07 1.177E+08 9.424E+06 1.863E+07 5.360E+05
 1.50E+03 1.203E+08 1.760E+07 2.434E+07 1.065E+08 7.781E+06 1.558E+07 5.824E+05
 1.75E+03 1.099E+08 1.418E+07 2.081E+07 9.779E+07 6.584E+06 1.334E+07 6.239E+05
 2.00E+03 1.015E+08 1.171E+07 1.804E+07 9.068E+07 5.675E+06 1.162E+07 6.612E+05
 2.50E+03 8.856E+07 8.456E+06 1.400E+07 7.968E+07 4.391E+06 9.147E+06 7.259E+05
 3.00E+03 7.903E+07 6.444E+06 1.124E+07 7.149E+07 3.533E+06 7.467E+06 7.798E+05
 3.50E+03 7.164E+07 5.103E+06 9.262E+06 6.509E+07 2.923E+06 6.254E+06 8.260E+05
 4.00E+03 6.569E+07 4.159E+06 7.788E+06 5.991E+07 2.470E+06 5.340E+06 8.662E+05
 4.50E+03 6.078E+07 3.466E+06 6.657E+06 5.561E+07 2.122E+06 4.631E+06 9.015E+05
 5.00E+03 5.664E+07 2.940E+06 5.768E+06 5.198E+07 1.847E+06 4.065E+06 9.329E+05
 6.00E+03 5.002E+07 2.205E+06 4.472E+06 4.613E+07 1.445E+06 3.225E+06 9.865E+05
 7.00E+03 4.492E+07 1.724E+06 3.585E+06 4.160E+07 1.168E+06 2.636E+06 1.031E+06
 8.00E+03 4.086E+07 1.390E+06 2.948E+06 3.797E+07 9.671E+05 2.204E+06 1.068E+06
 9.00E+03 3.753E+07 1.147E+06 2.474E+06 3.499E+07 8.163E+05 1.876E+06 1.100E+06
 1.00E+04 3.475E+07 9.654E+05 2.110E+06 3.248E+07 6.998E+05 1.620E+06 1.128E+06
 1.25E+04 2.942E+07 6.675E+05 1.497E+06 2.766E+07 5.016E+05 1.178E+06 1.185E+06
 1.50E+04 2.561E+07 4.921E+05 1.124E+06 2.419E+07 3.796E+05 9.015E+05 1.228E+06
 1.75E+04 2.273E+07 3.795E+05 8.794E+05 2.155E+07 2.985E+05 7.155E+05 1.263E+06
 2.00E+04 2.047E+07 3.026E+05 7.091E+05 1.947E+07 2.418E+05 5.838E+05 1.291E+06
 2.50E+04 1.715E+07 2.068E+05 4.929E+05 1.640E+07 1.690E+05 4.130E+05 1.334E+06
 3.00E+04 1.483E+07 1.512E+05 3.650E+05 1.424E+07 1.256E+05 3.097E+05 1.367E+06
 3.50E+04 1.311E+07 1.160E+05 2.827E+05 1.262E+07 9.743E+04 2.421E+05 1.392E+06
 4.00E+04 1.178E+07 9.212E+04 2.263E+05 1.137E+07 7.806E+04 1.952E+05 1.413E+06
 4.50E+04 1.072E+07 7.518E+04 1.859E+05 1.038E+07 6.414E+04 1.613E+05 1.431E+06
 5.00E+04 9.861E+06 6.268E+04 1.559E+05 9.562E+06 5.376E+04 1.358E+05 1.447E+06
 6.00E+04 8.545E+06 4.578E+04 1.150E+05 8.310E+06 3.957E+04 1.008E+05 1.473E+06
 7.00E+04 7.586E+06 3.513E+04 8.887E+04 7.394E+06 3.051E+04 7.824E+04 1.496E+06
 8.00E+04 6.855E+06 2.795E+04 7.115E+04 6.694E+06 2.436E+04 6.283E+04 1.516E+06
 9.00E+04 6.280E+06 2.286E+04 5.852E+04 6.142E+06 1.997E+04 5.178E+04 1.535E+06
 1.00E+05 5.816E+06 1.911E+04 4.916E+04 5.695E+06 1.673E+04 4.356E+04 1.554E+06
 1.25E+05 4.924E+06 1.302E+04 3.387E+04 4.924E+06 1.145E+04 2.998E+04 1.600E+06
 1.50E+05 4.366E+06 9.611E+03 2.518E+04 4.366E+06 8.460E+03 2.234E+04 1.647E+06
 1.75E+05 3.965E+06 7.457E+03 1.965E+04 3.965E+06 6.563E+03 1.745E+04 1.695E+06
 2.00E+05 3.663E+06 5.998E+03 1.589E+04 3.663E+06 5.277E+03 1.411E+04 1.745E+06
 2.50E+05 3.241E+06 4.189E+03 1.119E+04 3.241E+06 3.681E+03 9.939E+03 1.851E+06
 3.00E+05 2.961E+06 3.137E+03 8.431E+03 2.961E+06 2.754E+03 7.491E+03 1.967E+06
 3.50E+05 2.763E+06 2.464E+03 6.657E+03 2.763E+06 2.161E+03 5.914E+03 2.090E+06
 4.00E+05 2.616E+06 2.003E+03 5.435E+03 2.616E+06 1.756E+03 4.828E+03 2.220E+06
 4.50E+05 2.503E+06 1.671E+03 4.550E+03 2.503E+06 1.464E+03 4.042E+03 2.357E+06
 5.00E+05 2.413E+06 1.423E+03 3.885E+03 2.413E+06 1.246E+03 3.451E+03 2.500E+06
 6.00E+05 2.283E+06 1.078E+03 2.959E+03 2.283E+06 9.439E+02 2.630E+03 2.802E+06
 7.00E+05 2.192E+06 8.540E+02 2.353E+03 2.192E+06 7.478E+02 2.092E+03 3.123E+06
 8.00E+05 2.126E+06 6.981E+02 1.929E+03 2.126E+06 6.115E+02 1.717E+03 3.458E+06
 9.00E+05 2.076E+06 5.843E+02 1.619E+03 2.076E+06 5.122E+02 1.442E+03 3.807E+06
 1.00E+06 2.038E+06 4.982E+02 1.384E+03 2.038E+06 4.371E+02 1.233E+03 4.170E+06
 1.25E+06 1.972E+06 3.549E+02 9.897E+02 1.972E+06 3.119E+02 8.841E+02 5.126E+06
 1.50E+06 1.932E+06 2.683E+02 7.504E+02 1.932E+06 2.363E+02 6.718E+02 6.144E+06
 1.75E+06 1.905E+06 2.112E+02 5.923E+02 1.905E+06 1.864E+02 5.312E+02 7.211E+06
 2.00E+06 1.886E+06 1.714E+02 4.814E+02 1.886E+06 1.515E+02 4.325E+02 8.318E+06
 2.50E+06 1.862E+06 1.202E+02 3.387E+02 1.862E+06 1.066E+02 3.052E+02 1.063E+07
 3.00E+06 1.848E+06 8.954E+01 2.528E+02 1.848E+06 7.965E+01 2.284E+02 1.305E+07
 3.50E+06 1.839E+06 6.955E+01 1.967E+02 1.839E+06 6.203E+01 1.782E+02 1.555E+07
 4.00E+06 1.833E+06 5.574E+01 1.579E+02 1.833E+06 4.982E+01 1.433E+02 1.811E+07
 4.50E+06 1.828E+06 4.576E+01 1.298E+02 1.828E+06 4.098E+01 1.180E+02 2.074E+07
 5.00E+06 1.825E+06 3.830E+01 1.087E+02 1.825E+06 3.435E+01 9.898E+01 2.341E+07
 6.00E+06 1.821E+06 2.806E+01 7.978E+01 1.821E+06 2.524E+01 7.282E+01 2.889E+07
 7.00E+06 1.818E+06 2.150E+01 6.122E+01 1.818E+06 1.939E+01 5.600E+01 3.451E+07
 8.00E+06 1.816E+06 1.703E+01 4.856E+01 1.816E+06 1.539E+01 4.450E+01 4.025E+07
 9.00E+06 1.815E+06 1.385E+01 3.953E+01 1.815E+06 1.254E+01 3.628E+01 4.608E+07
 1.00E+07 1.814E+06 1.149E+01 3.284E+01 1.814E+06 1.042E+01 3.018E+01 5.199E+07
 1.25E+07 1.812E+06 7.719E+00 2.210E+01 1.812E+06 7.024E+00 2.037E+01 6.707E+07
 1.50E+07 1.812E+06 5.556E+00 1.593E+01 1.812E+06 5.070E+00 1.473E+01 8.247E+07
 1.75E+07 1.811E+06 4.198E+00 1.206E+01 1.811E+06 3.840E+00 1.117E+01 9.813E+07
 2.00E+07 1.811E+06 3.288E+00 9.457E+00 1.811E+06 3.014E+00 8.774E+00 1.140E+08
 2.50E+07 1.810E+06 2.178E+00 6.281E+00 1.810E+06 2.004E+00 5.846E+00 1.461E+08
 3.00E+07 1.810E+06 1.550E+00 4.482E+00 1.810E+06 1.432E+00 4.183E+00 1.787E+08
 3.50E+07 1.810E+06 1.160E+00 3.363E+00 1.810E+06 1.075E+00 3.146E+00 2.116E+08
 4.00E+07 1.810E+06 9.003E-01 2.617E+00 1.810E+06 8.371E-01 2.455E+00 2.448E+08
 4.50E+07 1.810E+06 7.190E-01 2.095E+00 1.810E+06 6.705E-01 1.969E+00 2.783E+08
 5.00E+07 1.810E+06 5.871E-01 1.715E+00 1.810E+06 5.491E-01 1.616E+00 3.119E+08
 6.00E+07 1.810E+06 4.123E-01 1.210E+00 1.810E+06 3.878E-01 1.144E+00 3.797E+08
 7.00E+07 1.810E+06 3.049E-01 8.980E-01 1.810E+06 2.882E-01 8.528E-01 4.479E+08
 8.00E+07 1.810E+06 2.344E-01 6.925E-01 1.810E+06 2.226E-01 6.599E-01 5.166E+08
 9.00E+07 1.810E+06 1.856E-01 5.499E-01 1.810E+06 1.770E-01 5.257E-01 5.856E+08
 1.00E+08 1.810E+06 1.506E-01 4.469E-01 1.810E+06 1.440E-01 4.286E-01 6.549E+08
 1.25E+08 1.810E+06 9.650E-02 2.875E-01 1.810E+06 9.298E-02 2.774E-01 8.290E+08
 1.50E+08 1.810E+06 6.703E-02 2.001E-01 1.810E+06 6.492E-02 1.940E-01 1.004E+09
 1.75E+08 1.810E+06 4.923E-02 1.472E-01 1.810E+06 4.788E-02 1.432E-01 1.180E+09
 2.00E+08 1.810E+06 3.768E-02 1.127E-01 1.810E+06 3.676E-02 1.100E-01 1.356E+09
 2.50E+08 1.810E+06 2.410E-02 7.217E-02 1.810E+06 2.361E-02 7.073E-02 1.710E+09
 3.00E+08 1.810E+06 1.673E-02 5.011E-02 1.810E+06 1.644E-02 4.926E-02 2.065E+09
 3.50E+08 1.810E+06 1.228E-02 3.681E-02 1.810E+06 1.210E-02 3.627E-02 2.420E+09
 4.00E+08 1.810E+06 9.399E-03 2.818E-02 1.810E+06 9.276E-03 2.781E-02 2.777E+09
 4.50E+08 1.810E+06 7.424E-03 2.226E-02 1.810E+06 7.336E-03 2.200E-02 3.134E+09
 5.00E+08 1.810E+06 6.012E-03 1.803E-02 1.810E+06 5.947E-03 1.783E-02 3.491E+09
 6.00E+08 1.810E+06 4.173E-03 1.251E-02 1.810E+06 4.135E-03 1.240E-02 4.205E+09
 7.00E+08 1.810E+06 3.065E-03 9.192E-03 1.810E+06 3.041E-03 9.120E-03 4.921E+09
 8.00E+08 1.810E+06 2.346E-03 7.036E-03 1.810E+06 2.329E-03 6.987E-03 5.638E+09
 9.00E+08 1.810E+06 1.853E-03 5.559E-03 1.810E+06 1.841E-03 5.524E-03 6.355E+09
 1.00E+09 1.810E+06 1.501E-03 4.502E-03 1.810E+06 1.492E-03 4.476E-03 7.072E+09
