 18
 1.00E+02 4.564E+08 2.601E+08 2.149E+08 2.738E+08 7.898E+07 1.335E+08 4.576E+04
 1.25E+02 3.940E+08 2.199E+08 1.710E+08 2.564E+08 6.727E+07 1.161E+08 5.576E+04
 1.50E+02 3.536E+08 1.880E+08 1.458E+08 2.422E+08 5.856E+07 1.028E+08 6.553E+04
 1.75E+02 3.246E+08 1.627E+08 1.294E+08 2.303E+08 5.178E+07 9.231E+07 7.508E+04
 2.00E+02 3.024E+08 1.423E+08 1.175E+08 2.201E+08 4.635E+07 8.374E+07 8.442E+04
 2.50E+02 2.698E+08 1.120E+08 1.004E+08 2.033E+08 3.816E+07 7.052E+07 1.025E+05
 3.00E+02 2.461E+08 9.092E+07 8.802E+07 1.899E+08 3.227E+07 6.076E+07 1.197E+05
 3.50E+02 2.277E+08 7.559E+07 7.821E+07 1.787E+08 2.784E+07 5.323E+07 1.361E+05
 4.00E+02 2.127E+08 6.407E+07 7.017E+07 1.692E+08 2.439E+07 4.724E+07 1.516E+05
 4.50E+02 2.000E+08 5.516E+07 6.345E+07 1.610E+08 2.162E+07 4.236E+07 1.663E+05
 5.00E+02 1.892E+08 4.811E+07 5.774E+07 1.537E+08 1.937E+07 3.832E+07 1.801E+05
 6.00E+02 1.715E+08 3.775E+07 4.860E+07 1.415E+08 1.592E+07 3.200E+07 2.054E+05
 7.00E+02 1.574E+08 3.060E+07 4.164E+07 1.315E+08 1.342E+07 2.732E+07 2.276E+05
 8.00E+02 1.458E+08 2.542E+07 3.620E+07 1.231E+08 1.153E+07 2.371E+07 2.470E+05
 9.00E+02 1.361E+08 2.152E+07 3.184E+07 1.159E+08 1.006E+07 2.086E+07 2.637E+05
 1.00E+03 1.278E+08 1.852E+07 2.829E+07 1.096E+08 8.884E+06 1.856E+07 2.781E+05
 1.25E+03 1.115E+08 1.339E+07 2.180E+07 9.695E+07 6.788E+06 1.439E+07 3.049E+05
 1.50E+03 9.934E+07 1.022E+07 1.744E+07 8.728E+07 5.416E+06 1.160E+07 3.273E+05
 1.75E+03 8.986E+07 8.100E+06 1.435E+07 7.957E+07 4.456E+06 9.630E+06 3.464E+05
 2.00E+03 8.222E+07 6.608E+06 1.206E+07 7.326E+07 3.752E+06 8.168E+06 3.631E+05
 2.50E+03 7.057E+07 4.678E+06 8.927E+06 6.348E+07 2.797E+06 6.162E+06 3.908E+05
 3.00E+03 6.203E+07 3.511E+06 6.925E+06 5.620E+07 2.188E+06 4.864E+06 4.131E+05
 3.50E+03 5.547E+07 2.745E+06 5.554E+06 5.054E+07 1.769E+06 3.965E+06 4.317E+05
 4.00E+03 5.024E+07 2.213E+06 4.570E+06 4.599E+07 1.467E+06 3.311E+06 4.474E+05
 4.50E+03 4.597E+07 1.827E+06 3.835E+06 4.224E+07 1.241E+06 2.817E+06 4.609E+05
 5.00E+03 4.240E+07 1.537E+06 3.272E+06 3.910E+07 1.066E+06 2.433E+06 4.727E+05
 6.00E+03 3.676E+07 1.136E+06 2.472E+06 3.411E+07 8.159E+05 1.880E+06 4.925E+05
 7.00E+03 3.250E+07 8.773E+05 1.942E+06 3.031E+07 6.479E+05 1.505E+06 5.084E+05
 8.00E+03 2.916E+07 7.000E+05 1.571E+06 2.731E+07 5.288E+05 1.237E+06 5.215E+05
 9.00E+03 2.646E+07 5.728E+05 1.300E+06 2.487E+07 4.410E+05 1.037E+06 5.324E+05
 1.00E+04 2.424E+07 4.783E+05 1.096E+06 2.286E+07 3.742E+05 8.850E+05 5.417E+05
 1.25E+04 2.008E+07 3.256E+05 7.595E+05 1.907E+07 2.628E+05 6.283E+05 5.602E+05
 1.50E+04 1.718E+07 2.372E+05 5.607E+05 1.640E+07 1.958E+05 4.722E+05 5.736E+05
 1.75E+04 1.505E+07 1.812E+05 4.329E+05 1.442E+07 1.521E+05 3.697E+05 5.840E+05
 2.00E+04 1.340E+07 1.434E+05 3.455E+05 1.289E+07 1.220E+05 2.983E+05 5.921E+05
 2.50E+04 1.105E+07 9.688E+04 2.364E+05 1.068E+07 8.402E+04 2.075E+05 6.041E+05
 3.00E+04 9.433E+06 7.027E+04 1.732E+05 9.154E+06 6.175E+04 1.537E+05 6.127E+05
 3.50E+04 8.261E+06 5.356E+04 1.330E+05 8.040E+06 4.751E+04 1.190E+05 6.192E+05
 4.00E+04 7.370E+06 4.234E+04 1.058E+05 7.189E+06 3.782E+04 9.530E+04 6.246E+05
 4.50E+04 6.670E+06 3.442E+04 8.649E+04 6.519E+06 3.091E+04 7.827E+04 6.290E+05
 5.00E+04 6.106E+06 2.860E+04 7.223E+04 5.976E+06 2.579E+04 6.561E+04 6.328E+05
 6.00E+04 5.252E+06 2.079E+04 5.291E+04 5.153E+06 1.886E+04 4.832E+04 6.396E+05
 7.00E+04 4.636E+06 1.589E+04 4.071E+04 4.557E+06 1.447E+04 3.731E+04 6.456E+05
 8.00E+04 4.172E+06 1.260E+04 3.247E+04 4.107E+06 1.151E+04 2.984E+04 6.515E+05
 9.00E+04 3.810E+06 1.029E+04 2.663E+04 3.754E+06 9.409E+03 2.451E+04 6.573E+05
 1.00E+05 3.519E+06 8.584E+03 2.231E+04 3.471E+06 7.862E+03 2.057E+04 6.634E+05
 1.25E+05 2.975E+06 5.827E+03 1.529E+04 2.975E+06 5.369E+03 1.414E+04 6.797E+05
 1.50E+05 2.629E+06 4.293E+03 1.134E+04 2.629E+06 3.956E+03 1.050E+04 6.976E+05
 1.75E+05 2.381E+06 3.325E+03 8.834E+03 2.381E+06 3.063E+03 8.181E+03 7.171E+05
 2.00E+05 2.196E+06 2.671E+03 7.131E+03 2.196E+06 2.459E+03 6.604E+03 7.380E+05
 2.50E+05 1.937E+06 1.861E+03 5.008E+03 1.937E+06 1.712E+03 4.638E+03 7.838E+05
 3.00E+05 1.767E+06 1.392E+03 3.769E+03 1.767E+06 1.279E+03 3.490E+03 8.343E+05
 3.50E+05 1.646E+06 1.092E+03 2.972E+03 1.646E+06 1.003E+03 2.751E+03 8.887E+05
 4.00E+05 1.557E+06 8.872E+02 2.424E+03 1.557E+06 8.143E+02 2.244E+03 9.465E+05
 4.50E+05 1.489E+06 7.396E+02 2.028E+03 1.489E+06 6.786E+02 1.877E+03 1.008E+06
 5.00E+05 1.435E+06 6.292E+02 1.730E+03 1.435E+06 5.771E+02 1.601E+03 1.072E+06
 6.00E+05 1.356E+06 4.765E+02 1.316E+03 1.356E+06 4.370E+02 1.219E+03 1.207E+06
 7.00E+05 1.301E+06 3.772E+02 1.046E+03 1.301E+06 3.459E+02 9.687E+02 1.351E+06
 8.00E+05 1.262E+06 3.082E+02 8.572E+02 1.262E+06 2.827E+02 7.943E+02 1.502E+06
 9.00E+05 1.232E+06 2.579E+02 7.191E+02 1.232E+06 2.367E+02 6.667E+02 1.660E+06
 1.00E+06 1.209E+06 2.198E+02 6.143E+02 1.209E+06 2.019E+02 5.698E+02 1.823E+06
 1.25E+06 1.169E+06 1.565E+02 4.392E+02 1.169E+06 1.439E+02 4.079E+02 2.255E+06
 1.50E+06 1.145E+06 1.183E+02 3.329E+02 1.145E+06 1.089E+02 3.096E+02 2.715E+06
 1.75E+06 1.129E+06 9.315E+01 2.627E+02 1.129E+06 8.587E+01 2.446E+02 3.199E+06
 2.00E+06 1.117E+06 7.557E+01 2.135E+02 1.117E+06 6.974E+01 1.990E+02 3.702E+06
 2.50E+06 1.103E+06 5.301E+01 1.502E+02 1.103E+06 4.903E+01 1.403E+02 4.755E+06
 3.00E+06 1.095E+06 3.949E+01 1.121E+02 1.095E+06 3.659E+01 1.049E+02 5.858E+06
 3.50E+06 1.089E+06 3.068E+01 8.721E+01 1.089E+06 2.847E+01 8.173E+01 7.002E+06
 4.00E+06 1.085E+06 2.459E+01 6.999E+01 1.085E+06 2.285E+01 6.568E+01 8.179E+06
 4.50E+06 1.083E+06 2.019E+01 5.753E+01 1.083E+06 1.879E+01 5.405E+01 9.385E+06
 5.00E+06 1.081E+06 1.690E+01 4.821E+01 1.081E+06 1.574E+01 4.533E+01 1.062E+07
 6.00E+06 1.078E+06 1.238E+01 3.538E+01 1.078E+06 1.156E+01 3.332E+01 1.314E+07
 7.00E+06 1.076E+06 9.490E+00 2.715E+01 1.076E+06 8.870E+00 2.561E+01 1.574E+07
 8.00E+06 1.075E+06 7.521E+00 2.154E+01 1.075E+06 7.039E+00 2.034E+01 1.840E+07
 9.00E+06 1.075E+06 6.116E+00 1.753E+01 1.075E+06 5.731E+00 1.657E+01 2.110E+07
 1.00E+07 1.074E+06 5.077E+00 1.457E+01 1.074E+06 4.763E+00 1.378E+01 2.384E+07
 1.25E+07 1.073E+06 3.411E+00 9.804E+00 1.073E+06 3.207E+00 9.295E+00 3.085E+07
 1.50E+07 1.073E+06 2.457E+00 7.072E+00 1.073E+06 2.314E+00 6.715E+00 3.803E+07
 1.75E+07 1.072E+06 1.858E+00 5.354E+00 1.072E+06 1.752E+00 5.090E+00 4.533E+07
 2.00E+07 1.072E+06 1.456E+00 4.200E+00 1.072E+06 1.375E+00 3.998E+00 5.273E+07
 2.50E+07 1.072E+06 9.654E-01 2.792E+00 1.072E+06 9.140E-01 2.663E+00 6.775E+07
 3.00E+07 1.072E+06 6.881E-01 1.994E+00 1.072E+06 6.529E-01 1.905E+00 8.301E+07
 3.50E+07 1.072E+06 5.157E-01 1.498E+00 1.072E+06 4.902E-01 1.433E+00 9.841E+07
 4.00E+07 1.072E+06 4.009E-01 1.167E+00 1.072E+06 3.819E-01 1.118E+00 1.140E+08
 4.50E+07 1.072E+06 3.207E-01 9.351E-01 1.072E+06 3.060E-01 8.971E-01 1.296E+08
 5.00E+07 1.072E+06 2.623E-01 7.663E-01 1.072E+06 2.507E-01 7.361E-01 1.454E+08
 6.00E+07 1.072E+06 1.847E-01 5.417E-01 1.072E+06 1.771E-01 5.216E-01 1.771E+08
 7.00E+07 1.072E+06 1.370E-01 4.030E-01 1.072E+06 1.317E-01 3.890E-01 2.091E+08
 8.00E+07 1.072E+06 1.055E-01 3.114E-01 1.072E+06 1.018E-01 3.012E-01 2.413E+08
 9.00E+07 1.072E+06 8.370E-02 2.476E-01 1.072E+06 8.094E-02 2.400E-01 2.736E+08
 1.00E+08 1.072E+06 6.798E-02 2.016E-01 1.072E+06 6.589E-02 1.957E-01 3.061E+08
 1.25E+08 1.072E+06 4.368E-02 1.300E-01 1.072E+06 4.254E-02 1.267E-01 3.877E+08
 1.50E+08 1.072E+06 3.039E-02 9.064E-02 1.072E+06 2.970E-02 8.865E-02 4.698E+08
 1.75E+08 1.072E+06 2.234E-02 6.675E-02 1.072E+06 2.190E-02 6.545E-02 5.523E+08
 2.00E+08 1.072E+06 1.712E-02 5.118E-02 1.072E+06 1.681E-02 5.028E-02 6.350E+08
 2.50E+08 1.072E+06 1.096E-02 3.280E-02 1.072E+06 1.080E-02 3.233E-02 8.011E+08
 3.00E+08 1.072E+06 7.610E-03 2.280E-02 1.072E+06 7.515E-03 2.252E-02 9.678E+08
 3.50E+08 1.072E+06 5.591E-03 1.675E-02 1.072E+06 5.530E-03 1.657E-02 1.135E+09
 4.00E+08 1.072E+06 4.280E-03 1.283E-02 1.072E+06 4.239E-03 1.271E-02 1.302E+09
 4.50E+08 1.072E+06 3.381E-03 1.014E-02 1.072E+06 3.352E-03 1.005E-02 1.470E+09
 5.00E+08 1.072E+06 2.739E-03 8.211E-03 1.072E+06 2.717E-03 8.148E-03 1.638E+09
 6.00E+08 1.072E+06 1.901E-03 5.702E-03 1.072E+06 1.889E-03 5.665E-03 1.974E+09
 7.00E+08 1.072E+06 1.397E-03 4.189E-03 1.072E+06 1.389E-03 4.166E-03 2.310E+09
 8.00E+08 1.072E+06 1.069E-03 3.207E-03 1.072E+06 1.064E-03 3.191E-03 2.647E+09
 9.00E+08 1.072E+06 8.447E-04 2.534E-03 1.072E+06 8.410E-04 2.523E-03 2.984E+09
 1.00E+09 1.072E+06 6.842E-04 2.052E-03 1.072E+06 6.815E-04 2.044E-03 3.321E+09
