 10
 1.00E+02 2.067E+08 1.589E+08 1.097E+08 1.003E+08 3.751E+07 6.210E+07 2.380E+04
 1.25E+02 1.795E+08 1.288E+08 9.363E+07 9.309E+07 3.201E+07 5.405E+07 2.838E+04
 1.50E+02 1.599E+08 1.066E+08 8.320E+07 8.730E+07 2.794E+07 4.793E+07 3.276E+04
 1.75E+02 1.451E+08 8.995E+07 7.550E+07 8.248E+07 2.477E+07 4.310E+07 3.697E+04
 2.00E+02 1.333E+08 7.706E+07 6.933E+07 7.836E+07 2.224E+07 3.916E+07 4.103E+04
 2.50E+02 1.159E+08 5.874E+07 5.960E+07 7.163E+07 1.842E+07 3.311E+07 4.874E+04
 3.00E+02 1.034E+08 4.654E+07 5.202E+07 6.629E+07 1.567E+07 2.864E+07 5.594E+04
 3.50E+02 9.389E+07 3.797E+07 4.587E+07 6.191E+07 1.359E+07 2.519E+07 6.266E+04
 4.00E+02 8.634E+07 3.169E+07 4.079E+07 5.821E+07 1.195E+07 2.245E+07 6.893E+04
 4.50E+02 8.014E+07 2.693E+07 3.653E+07 5.504E+07 1.064E+07 2.020E+07 7.477E+04
 5.00E+02 7.494E+07 2.322E+07 3.292E+07 5.226E+07 9.561E+06 1.833E+07 8.022E+04
 6.00E+02 6.660E+07 1.787E+07 2.718E+07 4.763E+07 7.893E+06 1.540E+07 8.998E+04
 7.00E+02 6.016E+07 1.425E+07 2.286E+07 4.389E+07 6.667E+06 1.320E+07 9.837E+04
 8.00E+02 5.498E+07 1.167E+07 1.952E+07 4.078E+07 5.732E+06 1.149E+07 1.055E+05
 9.00E+02 5.070E+07 9.755E+06 1.689E+07 3.814E+07 4.998E+06 1.013E+07 1.116E+05
 1.00E+03 4.709E+07 8.294E+06 1.477E+07 3.587E+07 4.407E+06 9.022E+06 1.167E+05
 1.25E+03 4.008E+07 5.846E+06 1.098E+07 3.132E+07 3.344E+06 6.986E+06 1.257E+05
 1.50E+03 3.496E+07 4.366E+06 8.511E+06 2.788E+07 2.643E+06 5.611E+06 1.326E+05
 1.75E+03 3.104E+07 3.398E+06 6.812E+06 2.518E+07 2.152E+06 4.628E+06 1.380E+05
 2.00E+03 2.794E+07 2.727E+06 5.588E+06 2.298E+07 1.792E+06 3.897E+06 1.425E+05
 2.50E+03 2.330E+07 1.879E+06 3.976E+06 1.962E+07 1.307E+06 2.893E+06 1.493E+05
 3.00E+03 2.001E+07 1.379E+06 2.987E+06 1.715E+07 1.001E+06 2.246E+06 1.544E+05
 3.50E+03 1.754E+07 1.059E+06 2.334E+06 1.526E+07 7.940E+05 1.802E+06 1.583E+05
 4.00E+03 1.563E+07 8.413E+05 1.879E+06 1.375E+07 6.472E+05 1.483E+06 1.614E+05
 4.50E+03 1.409E+07 6.856E+05 1.549E+06 1.252E+07 5.388E+05 1.244E+06 1.640E+05
 5.00E+03 1.284E+07 5.705E+05 1.300E+06 1.150E+07 4.563E+05 1.061E+06 1.661E+05
 6.00E+03 1.090E+07 4.142E+05 9.582E+05 9.904E+06 3.407E+05 8.006E+05 1.695E+05
 7.00E+03 9.481E+06 3.155E+05 7.382E+05 8.705E+06 2.650E+05 6.283E+05 1.720E+05
 8.00E+03 8.394E+06 2.490E+05 5.879E+05 7.771E+06 2.126E+05 5.077E+05 1.739E+05
 9.00E+03 7.536E+06 2.020E+05 4.803E+05 7.024E+06 1.747E+05 4.197E+05 1.755E+05
 1.00E+04 6.840E+06 1.674E+05 4.006E+05 6.411E+06 1.463E+05 3.534E+05 1.767E+05
 1.25E+04 5.568E+06 1.123E+05 2.721E+05 5.274E+06 1.002E+05 2.445E+05 1.789E+05
 1.50E+04 4.706E+06 8.099E+04 1.981E+05 4.490E+06 7.323E+04 1.802E+05 1.804E+05
 1.75E+04 4.082E+06 6.142E+04 1.513E+05 3.917E+06 5.608E+04 1.389E+05 1.815E+05
 2.00E+04 3.610E+06 4.832E+04 1.198E+05 3.479E+06 4.445E+04 1.107E+05 1.823E+05
 2.50E+04 2.944E+06 3.237E+04 8.099E+04 2.855E+06 3.009E+04 7.561E+04 1.833E+05
 3.00E+04 2.496E+06 2.334E+04 5.883E+04 2.430E+06 2.185E+04 5.527E+04 1.840E+05
 3.50E+04 2.175E+06 1.771E+04 4.490E+04 2.124E+06 1.666E+04 4.238E+04 1.846E+05
 4.00E+04 1.932E+06 1.395E+04 3.555E+04 1.891E+06 1.317E+04 3.367E+04 1.852E+05
 4.50E+04 1.743E+06 1.130E+04 2.894E+04 1.709E+06 1.070E+04 2.748E+04 1.857E+05
 5.00E+04 1.592E+06 9.373E+03 2.409E+04 1.563E+06 8.890E+03 2.292E+04 1.863E+05
 6.00E+04 1.364E+06 6.786E+03 1.755E+04 1.342E+06 6.455E+03 1.675E+04 1.875E+05
 7.00E+04 1.201E+06 5.172E+03 1.345E+04 1.184E+06 4.929E+03 1.286E+04 1.888E+05
 8.00E+04 1.078E+06 4.094E+03 1.070E+04 1.064E+06 3.905E+03 1.024E+04 1.903E+05
 9.00E+04 9.828E+05 3.334E+03 8.749E+03 9.712E+05 3.183E+03 8.379E+03 1.919E+05
 1.00E+05 9.066E+05 2.778E+03 7.316E+03 8.966E+05 2.654E+03 7.011E+03 1.937E+05
 1.25E+05 7.659E+05 1.884E+03 5.000E+03 7.659E+05 1.809E+03 4.813E+03 1.988E+05
 1.50E+05 6.755E+05 1.384E+03 3.697E+03 6.755E+05 1.329E+03 3.559E+03 2.046E+05
 1.75E+05 6.111E+05 1.070E+03 2.872E+03 6.111E+05 1.027E+03 2.765E+03 2.110E+05
 2.00E+05 5.630E+05 8.580E+02 2.314E+03 5.630E+05 8.232E+02 2.227E+03 2.178E+05
 2.50E+05 4.961E+05 5.963E+02 1.620E+03 4.961E+05 5.716E+02 1.558E+03 2.327E+05
 3.00E+05 4.521E+05 4.451E+02 1.216E+03 4.521E+05 4.264E+02 1.169E+03 2.490E+05
 3.50E+05 4.210E+05 3.487E+02 9.568E+02 4.210E+05 3.338E+02 9.201E+02 2.666E+05
 4.00E+05 3.980E+05 2.829E+02 7.791E+02 3.980E+05 2.707E+02 7.491E+02 2.852E+05
 4.50E+05 3.804E+05 2.355E+02 6.509E+02 3.804E+05 2.254E+02 6.257E+02 3.048E+05
 5.00E+05 3.665E+05 2.002E+02 5.547E+02 3.665E+05 1.915E+02 5.332E+02 3.252E+05
 6.00E+05 3.462E+05 1.514E+02 4.213E+02 3.462E+05 1.448E+02 4.050E+02 3.685E+05
 7.00E+05 3.322E+05 1.197E+02 3.343E+02 3.322E+05 1.145E+02 3.214E+02 4.142E+05
 8.00E+05 3.220E+05 9.770E+01 2.736E+02 3.220E+05 9.344E+01 2.631E+02 4.624E+05
 9.00E+05 3.143E+05 8.169E+01 2.293E+02 3.143E+05 7.815E+01 2.206E+02 5.128E+05
 1.00E+06 3.084E+05 6.959E+01 1.957E+02 3.084E+05 6.659E+01 1.883E+02 5.650E+05
 1.25E+06 2.983E+05 4.949E+01 1.397E+02 2.983E+05 4.738E+01 1.345E+02 7.036E+05
 1.50E+06 2.920E+05 3.737E+01 1.058E+02 2.920E+05 3.580E+01 1.019E+02 8.518E+05
 1.75E+06 2.879E+05 2.940E+01 8.339E+01 2.879E+05 2.818E+01 8.037E+01 1.008E+06
 2.00E+06 2.850E+05 2.384E+01 6.771E+01 2.850E+05 2.286E+01 6.530E+01 1.170E+06
 2.50E+06 2.813E+05 1.671E+01 4.757E+01 2.813E+05 1.604E+01 4.592E+01 1.512E+06
 3.00E+06 2.791E+05 1.244E+01 3.548E+01 2.791E+05 1.195E+01 3.428E+01 1.872E+06
 3.50E+06 2.777E+05 9.657E+00 2.759E+01 2.777E+05 9.288E+00 2.667E+01 2.245E+06
 4.00E+06 2.768E+05 7.737E+00 2.213E+01 2.768E+05 7.446E+00 2.141E+01 2.631E+06
 4.50E+06 2.761E+05 6.350E+00 1.818E+01 2.761E+05 6.116E+00 1.760E+01 3.027E+06
 5.00E+06 2.756E+05 5.314E+00 1.523E+01 2.756E+05 5.120E+00 1.475E+01 3.432E+06
 6.00E+06 2.749E+05 3.892E+00 1.117E+01 2.749E+05 3.754E+00 1.082E+01 4.264E+06
 7.00E+06 2.745E+05 2.982E+00 8.565E+00 2.745E+05 2.878E+00 8.308E+00 5.122E+06
 8.00E+06 2.742E+05 2.362E+00 6.793E+00 2.742E+05 2.282E+00 6.592E+00 6.001E+06
 9.00E+06 2.740E+05 1.921E+00 5.527E+00 2.740E+05 1.856E+00 5.367E+00 6.898E+06
 1.00E+07 2.739E+05 1.594E+00 4.591E+00 2.739E+05 1.542E+00 4.461E+00 7.809E+06
 1.25E+07 2.737E+05 1.071E+00 3.089E+00 2.737E+05 1.037E+00 3.004E+00 1.014E+07
 1.50E+07 2.735E+05 7.713E-01 2.228E+00 2.735E+05 7.474E-01 2.168E+00 1.253E+07
 1.75E+07 2.735E+05 5.832E-01 1.686E+00 2.735E+05 5.655E-01 1.642E+00 1.497E+07
 2.00E+07 2.734E+05 4.572E-01 1.323E+00 2.734E+05 4.436E-01 1.289E+00 1.744E+07
 2.50E+07 2.733E+05 3.034E-01 8.796E-01 2.733E+05 2.947E-01 8.579E-01 2.246E+07
 3.00E+07 2.733E+05 2.165E-01 6.286E-01 2.733E+05 2.105E-01 6.136E-01 2.756E+07
 3.50E+07 2.733E+05 1.624E-01 4.724E-01 2.733E+05 1.581E-01 4.614E-01 3.272E+07
 4.00E+07 2.733E+05 1.264E-01 3.683E-01 2.733E+05 1.232E-01 3.600E-01 3.793E+07
 4.50E+07 2.733E+05 1.013E-01 2.955E-01 2.733E+05 9.872E-02 2.889E-01 4.318E+07
 5.00E+07 2.733E+05 8.295E-02 2.424E-01 2.733E+05 8.092E-02 2.372E-01 4.846E+07
 6.00E+07 2.733E+05 5.859E-02 1.717E-01 2.733E+05 5.724E-02 1.682E-01 5.910E+07
 7.00E+07 2.733E+05 4.356E-02 1.280E-01 2.733E+05 4.262E-02 1.255E-01 6.982E+07
 8.00E+07 2.733E+05 3.364E-02 9.909E-02 2.733E+05 3.296E-02 9.727E-02 8.061E+07
 9.00E+07 2.733E+05 2.674E-02 7.896E-02 2.733E+05 2.623E-02 7.758E-02 9.145E+07
 1.00E+08 2.733E+05 2.176E-02 6.438E-02 2.733E+05 2.137E-02 6.331E-02 1.023E+08
 1.25E+08 2.733E+05 1.402E-02 4.165E-02 2.733E+05 1.381E-02 4.105E-02 1.297E+08
 1.50E+08 2.733E+05 9.775E-03 2.911E-02 2.733E+05 9.644E-03 2.874E-02 1.572E+08
 1.75E+08 2.733E+05 7.197E-03 2.147E-02 2.733E+05 7.112E-03 2.123E-02 1.849E+08
 2.00E+08 2.733E+05 5.518E-03 1.648E-02 2.733E+05 5.460E-03 1.631E-02 2.127E+08
 2.50E+08 2.733E+05 3.537E-03 1.058E-02 2.733E+05 3.507E-03 1.049E-02 2.684E+08
 3.00E+08 2.733E+05 2.458E-03 7.360E-03 2.733E+05 2.440E-03 7.308E-03 3.243E+08
 3.50E+08 2.733E+05 1.807E-03 5.413E-03 2.733E+05 1.796E-03 5.379E-03 3.804E+08
 4.00E+08 2.733E+05 1.384E-03 4.147E-03 2.733E+05 1.376E-03 4.124E-03 4.366E+08
 4.50E+08 2.733E+05 1.094E-03 3.278E-03 2.733E+05 1.088E-03 3.262E-03 4.929E+08
 5.00E+08 2.733E+05 8.859E-04 2.656E-03 2.733E+05 8.821E-04 2.644E-03 5.493E+08
 6.00E+08 2.733E+05 6.153E-04 1.845E-03 2.733E+05 6.131E-04 1.838E-03 6.621E+08
 7.00E+08 2.733E+05 4.521E-04 1.356E-03 2.733E+05 4.507E-04 1.352E-03 7.751E+08
 8.00E+08 2.733E+05 3.461E-04 1.038E-03 2.733E+05 3.452E-04 1.035E-03 8.883E+08
 9.00E+08 2.733E+05 2.735E-04 8.203E-04 2.733E+05 2.729E-04 8.185E-04 1.002E+09
 1.00E+09 2.733E+05 2.215E-04 6.644E-04 2.733E+05 2.211E-04 6.632E-04 1.115E+09
