 56
 1.00E+02 9.737E+08 2.266E+08 2.266E+08 1.007E+09 1.502E+08 2.695E+08 9.921E+04
 1.25E+02 8.992E+08 2.015E+08 2.411E+08 9.199E+08 1.258E+08 2.270E+08 1.285E+05
 1.50E+02 8.466E+08 1.914E+08 2.492E+08 8.522E+08 1.087E+08 1.969E+08 1.588E+05
 1.75E+02 8.053E+08 1.857E+08 2.477E+08 7.975E+08 9.602E+07 1.743E+08 1.898E+05
 2.00E+02 7.706E+08 1.811E+08 2.392E+08 7.519E+08 8.619E+07 1.568E+08 2.213E+05
 2.50E+02 7.124E+08 1.715E+08 2.124E+08 6.798E+08 7.188E+07 1.311E+08 2.854E+05
 3.00E+02 6.641E+08 1.608E+08 1.834E+08 6.245E+08 6.190E+07 1.132E+08 3.501E+05
 3.50E+02 6.227E+08 1.497E+08 1.578E+08 5.805E+08 5.450E+07 9.997E+07 4.145E+05
 4.00E+02 5.869E+08 1.390E+08 1.368E+08 5.442E+08 4.876E+07 8.969E+07 4.781E+05
 4.50E+02 5.555E+08 1.289E+08 1.202E+08 5.137E+08 4.417E+07 8.146E+07 5.405E+05
 5.00E+02 5.279E+08 1.196E+08 1.070E+08 4.876E+08 4.041E+07 7.472E+07 6.012E+05
 6.00E+02 4.816E+08 1.035E+08 8.807E+07 4.450E+08 3.457E+07 6.426E+07 7.167E+05
 7.00E+02 4.444E+08 9.032E+07 7.561E+07 4.113E+08 3.023E+07 5.650E+07 8.234E+05
 8.00E+02 4.138E+08 7.954E+07 6.690E+07 3.839E+08 2.687E+07 5.047E+07 9.205E+05
 9.00E+02 3.883E+08 7.065E+07 6.046E+07 3.610E+08 2.418E+07 4.565E+07 1.008E+06
 1.00E+03 3.665E+08 6.324E+07 5.545E+07 3.415E+08 2.197E+07 4.168E+07 1.086E+06
 1.25E+03 3.241E+08 4.937E+07 4.646E+07 3.032E+08 1.786E+07 3.427E+07 1.241E+06
 1.50E+03 2.927E+08 3.986E+07 4.022E+07 2.747E+08 1.500E+07 2.909E+07 1.399E+06
 1.75E+03 2.684E+08 3.302E+07 3.545E+07 2.524E+08 1.289E+07 2.524E+07 1.551E+06
 2.00E+03 2.489E+08 2.792E+07 3.164E+07 2.344E+08 1.128E+07 2.227E+07 1.697E+06
 2.50E+03 2.191E+08 2.091E+07 2.586E+07 2.069E+08 8.951E+06 1.795E+07 1.962E+06
 3.00E+03 1.971E+08 1.639E+07 2.167E+07 1.865E+08 7.363E+06 1.496E+07 2.194E+06
 3.50E+03 1.801E+08 1.328E+07 1.852E+07 1.707E+08 6.212E+06 1.277E+07 2.400E+06
 4.00E+03 1.664E+08 1.103E+07 1.606E+07 1.579E+08 5.342E+06 1.109E+07 2.584E+06
 4.50E+03 1.551E+08 9.345E+06 1.410E+07 1.474E+08 4.663E+06 9.771E+06 2.750E+06
 5.00E+03 1.456E+08 8.044E+06 1.251E+07 1.385E+08 4.120E+06 8.702E+06 2.900E+06
 6.00E+03 1.303E+08 6.185E+06 1.010E+07 1.242E+08 3.308E+06 7.085E+06 3.162E+06
 7.00E+03 1.185E+08 4.937E+06 8.371E+06 1.131E+08 2.734E+06 5.924E+06 3.385E+06
 8.00E+03 1.090E+08 4.052E+06 7.083E+06 1.042E+08 2.310E+06 5.055E+06 3.578E+06
 9.00E+03 1.012E+08 3.400E+06 6.093E+06 9.686E+07 1.985E+06 4.381E+06 3.747E+06
 1.00E+04 9.469E+07 2.902E+06 5.313E+06 9.068E+07 1.730E+06 3.846E+06 3.899E+06
 1.25E+04 8.201E+07 2.069E+06 3.947E+06 7.872E+07 1.284E+06 2.899E+06 4.214E+06
 1.50E+04 7.279E+07 1.564E+06 3.076E+06 7.000E+07 1.000E+06 2.286E+06 4.468E+06
 1.75E+04 6.571E+07 1.232E+06 2.482E+06 6.330E+07 8.066E+05 1.861E+06 4.680E+06
 2.00E+04 6.008E+07 1.001E+06 2.055E+06 5.796E+07 6.675E+05 1.553E+06 4.859E+06
 2.50E+04 5.163E+07 7.050E+05 1.491E+06 4.993E+07 4.836E+05 1.140E+06 5.155E+06
 3.00E+04 4.556E+07 5.284E+05 1.143E+06 4.415E+07 3.697E+05 8.808E+05 5.393E+06
 3.50E+04 4.096E+07 4.136E+05 9.097E+05 3.976E+07 2.937E+05 7.056E+05 5.593E+06
 4.00E+04 3.734E+07 3.341E+05 7.454E+05 3.629E+07 2.400E+05 5.809E+05 5.767E+06
 4.50E+04 3.442E+07 2.767E+05 6.245E+05 3.349E+07 2.005E+05 4.884E+05 5.921E+06
 5.00E+04 3.200E+07 2.336E+05 5.326E+05 3.116E+07 1.705E+05 4.177E+05 6.060E+06
 6.00E+04 2.822E+07 1.742E+05 4.036E+05 2.753E+07 1.285E+05 3.179E+05 6.307E+06
 7.00E+04 2.540E+07 1.359E+05 3.189E+05 2.481E+07 1.009E+05 2.517E+05 6.523E+06
 8.00E+04 2.321E+07 1.096E+05 2.598E+05 2.270E+07 8.176E+04 2.054E+05 6.717E+06
 9.00E+04 2.146E+07 9.064E+04 2.168E+05 2.101E+07 6.785E+04 1.715E+05 6.894E+06
 1.00E+05 2.003E+07 7.650E+04 1.844E+05 1.962E+07 5.740E+04 1.459E+05 7.061E+06
 1.25E+05 1.722E+07 5.333E+04 1.315E+05 1.722E+07 4.032E+04 1.024E+05 7.436E+06
 1.50E+05 1.542E+07 3.984E+04 9.917E+04 1.542E+07 3.015E+04 7.753E+04 7.773E+06
 1.75E+05 1.412E+07 3.119E+04 7.826E+04 1.412E+07 2.360E+04 6.126E+04 8.084E+06
 2.00E+05 1.312E+07 2.528E+04 6.384E+04 1.312E+07 1.910E+04 4.998E+04 8.381E+06
 2.50E+05 1.171E+07 1.784E+04 4.555E+04 1.171E+07 1.344E+04 3.564E+04 8.964E+06
 3.00E+05 1.076E+07 1.347E+04 3.467E+04 1.076E+07 1.011E+04 2.709E+04 9.548E+06
 3.50E+05 1.009E+07 1.064E+04 2.757E+04 1.009E+07 7.972E+03 2.152E+04 1.015E+07
 4.00E+05 9.579E+06 8.687E+03 2.264E+04 9.579E+06 6.498E+03 1.765E+04 1.076E+07
 4.50E+05 9.189E+06 7.272E+03 1.904E+04 9.189E+06 5.433E+03 1.484E+04 1.140E+07
 5.00E+05 8.879E+06 6.207E+03 1.631E+04 8.879E+06 4.633E+03 1.271E+04 1.206E+07
 6.00E+05 8.422E+06 4.723E+03 1.250E+04 8.422E+06 3.523E+03 9.736E+03 1.342E+07
 7.00E+05 8.105E+06 3.752E+03 9.974E+03 8.105E+06 2.799E+03 7.778E+03 1.484E+07
 8.00E+05 7.873E+06 3.073E+03 8.203E+03 7.873E+06 2.295E+03 6.404E+03 1.630E+07
 9.00E+05 7.698E+06 2.576E+03 6.900E+03 7.698E+06 1.926E+03 5.394E+03 1.781E+07
 1.00E+06 7.563E+06 2.199E+03 5.907E+03 7.563E+06 1.647E+03 4.625E+03 1.937E+07
 1.25E+06 7.330E+06 1.569E+03 4.238E+03 7.330E+06 1.180E+03 3.333E+03 2.341E+07
 1.50E+06 7.187E+06 1.187E+03 3.220E+03 7.187E+06 8.972E+02 2.543E+03 2.765E+07
 1.75E+06 7.091E+06 9.351E+02 2.544E+03 7.091E+06 7.099E+02 2.018E+03 3.204E+07
 2.00E+06 7.025E+06 7.587E+02 2.070E+03 7.025E+06 5.784E+02 1.648E+03 3.657E+07
 2.50E+06 6.939E+06 5.322E+02 1.458E+03 6.939E+06 4.088E+02 1.168E+03 4.592E+07
 3.00E+06 6.889E+06 3.963E+02 1.089E+03 6.889E+06 3.064E+02 8.776E+02 5.560E+07
 3.50E+06 6.856E+06 3.077E+02 8.475E+02 6.856E+06 2.392E+02 6.865E+02 6.552E+07
 4.00E+06 6.834E+06 2.465E+02 6.803E+02 6.834E+06 1.926E+02 5.534E+02 7.566E+07
 4.50E+06 6.819E+06 2.023E+02 5.592E+02 6.819E+06 1.587E+02 4.567E+02 8.598E+07
 5.00E+06 6.807E+06 1.692E+02 4.686E+02 6.807E+06 1.333E+02 3.839E+02 9.645E+07
 6.00E+06 6.791E+06 1.239E+02 3.438E+02 6.791E+06 9.823E+01 2.833E+02 1.178E+08
 7.00E+06 6.782E+06 9.481E+01 2.637E+02 6.782E+06 7.563E+01 2.184E+02 1.396E+08
 8.00E+06 6.775E+06 7.505E+01 2.092E+02 6.775E+06 6.016E+01 1.740E+02 1.618E+08
 9.00E+06 6.770E+06 6.096E+01 1.702E+02 6.770E+06 4.908E+01 1.421E+02 1.843E+08
 1.00E+07 6.767E+06 5.055E+01 1.413E+02 6.767E+06 4.086E+01 1.184E+02 2.070E+08
 1.25E+07 6.762E+06 3.386E+01 9.499E+01 6.762E+06 2.761E+01 8.012E+01 2.650E+08
 1.50E+07 6.759E+06 2.431E+01 6.840E+01 6.759E+06 1.996E+01 5.803E+01 3.240E+08
 1.75E+07 6.757E+06 1.832E+01 5.168E+01 6.757E+06 1.514E+01 4.408E+01 3.840E+08
 2.00E+07 6.756E+06 1.430E+01 4.047E+01 6.756E+06 1.189E+01 3.467E+01 4.448E+08
 2.50E+07 6.755E+06 9.412E+00 2.677E+01 6.755E+06 7.916E+00 2.313E+01 5.680E+08
 3.00E+07 6.754E+06 6.654E+00 1.903E+01 6.754E+06 5.655E+00 1.657E+01 6.931E+08
 3.50E+07 6.753E+06 4.944E+00 1.421E+01 6.753E+06 4.244E+00 1.246E+01 8.196E+08
 4.00E+07 6.753E+06 3.812E+00 1.101E+01 6.753E+06 3.304E+00 9.719E+00 9.473E+08
 4.50E+07 6.753E+06 3.024E+00 8.771E+00 6.753E+06 2.644E+00 7.795E+00 1.076E+09
 5.00E+07 6.753E+06 2.454E+00 7.147E+00 6.753E+06 2.164E+00 6.391E+00 1.205E+09
 6.00E+07 6.753E+06 1.704E+00 4.998E+00 6.753E+06 1.526E+00 4.522E+00 1.466E+09
 7.00E+07 6.753E+06 1.249E+00 3.683E+00 6.753E+06 1.133E+00 3.366E+00 1.729E+09
 8.00E+07 6.753E+06 9.535E-01 2.823E+00 6.753E+06 8.747E-01 2.603E+00 1.993E+09
 9.00E+07 6.753E+06 7.512E-01 2.230E+00 6.753E+06 6.953E-01 2.072E+00 2.258E+09
 1.00E+08 6.753E+06 6.069E-01 1.805E+00 6.753E+06 5.659E-01 1.688E+00 2.525E+09
 1.25E+08 6.753E+06 3.864E-01 1.153E+00 6.753E+06 3.653E-01 1.092E+00 3.194E+09
 1.50E+08 6.753E+06 2.673E-01 7.991E-01 6.753E+06 2.551E-01 7.633E-01 3.867E+09
 1.75E+08 6.753E+06 1.959E-01 5.860E-01 6.753E+06 1.882E-01 5.634E-01 4.542E+09
 2.00E+08 6.753E+06 1.496E-01 4.480E-01 6.753E+06 1.445E-01 4.328E-01 5.219E+09
 2.50E+08 6.753E+06 9.549E-02 2.861E-01 6.753E+06 9.287E-02 2.783E-01 6.577E+09
 3.00E+08 6.753E+06 6.619E-02 1.984E-01 6.753E+06 6.468E-02 1.939E-01 7.939E+09
 3.50E+08 6.753E+06 4.857E-02 1.456E-01 6.753E+06 4.761E-02 1.428E-01 9.303E+09
 4.00E+08 6.753E+06 3.715E-02 1.114E-01 6.753E+06 3.651E-02 1.095E-01 1.067E+10
 4.50E+08 6.753E+06 2.933E-02 8.796E-02 6.753E+06 2.888E-02 8.661E-02 1.204E+10
 5.00E+08 6.753E+06 2.374E-02 7.121E-02 6.753E+06 2.341E-02 7.022E-02 1.341E+10
 6.00E+08 6.753E+06 1.648E-02 4.942E-02 6.753E+06 1.628E-02 4.884E-02 1.615E+10
 7.00E+08 6.753E+06 1.210E-02 3.629E-02 6.753E+06 1.197E-02 3.592E-02 1.889E+10
 8.00E+08 6.753E+06 9.259E-03 2.777E-02 6.753E+06 9.175E-03 2.752E-02 2.164E+10
 9.00E+08 6.753E+06 7.314E-03 2.194E-02 6.753E+06 7.253E-03 2.176E-02 2.439E+10
 1.00E+09 6.753E+06 5.923E-03 1.777E-02 6.753E+06 5.878E-03 1.763E-02 2.713E+10
