 22
 1.00E+02 6.785E+08 2.754E+08 3.009E+08 5.410E+08 9.465E+07 1.725E+08 5.403E+04
 1.25E+02 6.140E+08 2.356E+08 2.329E+08 4.922E+08 7.822E+07 1.442E+08 6.670E+04
 1.50E+02 5.611E+08 2.049E+08 1.879E+08 4.542E+08 6.670E+07 1.240E+08 7.921E+04
 1.75E+02 5.176E+08 1.804E+08 1.574E+08 4.234E+08 5.816E+07 1.088E+08 9.156E+04
 2.00E+02 4.814E+08 1.604E+08 1.358E+08 3.979E+08 5.157E+07 9.701E+07 1.037E+05
 2.50E+02 4.250E+08 1.300E+08 1.083E+08 3.573E+08 4.205E+07 7.978E+07 1.275E+05
 3.00E+02 3.830E+08 1.080E+08 9.168E+07 3.263E+08 3.548E+07 6.777E+07 1.504E+05
 3.50E+02 3.504E+08 9.159E+07 8.049E+07 3.015E+08 3.066E+07 5.891E+07 1.724E+05
 4.00E+02 3.241E+08 7.890E+07 7.227E+07 2.812E+08 2.698E+07 5.210E+07 1.934E+05
 4.50E+02 3.025E+08 6.886E+07 6.585E+07 2.641E+08 2.406E+07 4.668E+07 2.134E+05
 5.00E+02 2.843E+08 6.076E+07 6.059E+07 2.495E+08 2.170E+07 4.227E+07 2.323E+05
 6.00E+02 2.551E+08 4.856E+07 5.233E+07 2.256E+08 1.809E+07 3.552E+07 2.671E+05
 7.00E+02 2.325E+08 3.991E+07 4.600E+07 2.068E+08 1.546E+07 3.058E+07 2.978E+05
 8.00E+02 2.144E+08 3.351E+07 4.091E+07 1.915E+08 1.347E+07 2.681E+07 3.247E+05
 9.00E+02 1.995E+08 2.863E+07 3.673E+07 1.788E+08 1.190E+07 2.383E+07 3.479E+05
 1.00E+03 1.868E+08 2.480E+07 3.321E+07 1.680E+08 1.063E+07 2.141E+07 3.679E+05
 1.25E+03 1.623E+08 1.817E+07 2.650E+07 1.468E+08 8.331E+06 1.699E+07 4.050E+05
 1.50E+03 1.443E+08 1.400E+07 2.176E+07 1.311E+08 6.784E+06 1.399E+07 4.373E+05
 1.75E+03 1.305E+08 1.118E+07 1.825E+07 1.189E+08 5.677E+06 1.182E+07 4.655E+05
 2.00E+03 1.194E+08 9.172E+06 1.558E+07 1.092E+08 4.847E+06 1.018E+07 4.905E+05
 2.50E+03 1.026E+08 6.551E+06 1.181E+07 9.431E+07 3.694E+06 7.881E+06 5.329E+05
 3.00E+03 9.046E+07 4.951E+06 9.316E+06 8.343E+07 2.937E+06 6.346E+06 5.679E+05
 3.50E+03 8.113E+07 3.894E+06 7.570E+06 7.507E+07 2.406E+06 5.256E+06 5.973E+05
 4.00E+03 7.372E+07 3.155E+06 6.294E+06 6.840E+07 2.016E+06 4.446E+06 6.228E+05
 4.50E+03 6.766E+07 2.616E+06 5.329E+06 6.293E+07 1.720E+06 3.824E+06 6.448E+05
 5.00E+03 6.260E+07 2.209E+06 4.579E+06 5.836E+07 1.488E+06 3.333E+06 6.643E+05
 6.00E+03 5.460E+07 1.644E+06 3.502E+06 5.110E+07 1.152E+06 2.613E+06 6.972E+05
 7.00E+03 4.853E+07 1.277E+06 2.777E+06 4.558E+07 9.223E+05 2.115E+06 7.242E+05
 8.00E+03 4.375E+07 1.023E+06 2.263E+06 4.121E+07 7.579E+05 1.753E+06 7.466E+05
 9.00E+03 3.988E+07 8.408E+05 1.884E+06 3.766E+07 6.355E+05 1.482E+06 7.656E+05
 1.00E+04 3.668E+07 7.045E+05 1.596E+06 3.472E+07 5.416E+05 1.271E+06 7.820E+05
 1.25E+04 3.063E+07 4.828E+05 1.117E+06 2.915E+07 3.835E+05 9.124E+05 8.148E+05
 1.50E+04 2.638E+07 3.535E+05 8.306E+05 2.521E+07 2.874E+05 6.911E+05 8.394E+05
 1.75E+04 2.321E+07 2.711E+05 6.445E+05 2.226E+07 2.243E+05 5.439E+05 8.587E+05
 2.00E+04 2.077E+07 2.152E+05 5.164E+05 1.997E+07 1.804E+05 4.407E+05 8.742E+05
 2.50E+04 1.722E+07 1.460E+05 3.554E+05 1.664E+07 1.248E+05 3.084E+05 8.974E+05
 3.00E+04 1.477E+07 1.062E+05 2.613E+05 1.432E+07 9.202E+04 2.293E+05 9.145E+05
 3.50E+04 1.298E+07 8.114E+04 2.013E+05 1.262E+07 7.095E+04 1.781E+05 9.276E+05
 4.00E+04 1.161E+07 6.425E+04 1.605E+05 1.132E+07 5.657E+04 1.428E+05 9.384E+05
 4.50E+04 1.053E+07 5.230E+04 1.313E+05 1.028E+07 4.628E+04 1.175E+05 9.473E+05
 5.00E+04 9.660E+06 4.351E+04 1.098E+05 9.442E+06 3.866E+04 9.856E+04 9.553E+05
 6.00E+04 8.332E+06 3.167E+04 8.059E+04 8.164E+06 2.830E+04 7.270E+04 9.687E+05
 7.00E+04 7.371E+06 2.423E+04 6.208E+04 7.235E+06 2.174E+04 5.619E+04 9.801E+05
 8.00E+04 6.643E+06 1.924E+04 4.956E+04 6.530E+06 1.730E+04 4.496E+04 9.908E+05
 9.00E+04 6.073E+06 1.571E+04 4.067E+04 5.977E+06 1.415E+04 3.695E+04 1.001E+06
 1.00E+05 5.615E+06 1.312E+04 3.409E+04 5.531E+06 1.183E+04 3.101E+04 1.012E+06
 1.25E+05 4.753E+06 8.914E+03 2.341E+04 4.753E+06 8.064E+03 2.127E+04 1.038E+06
 1.50E+05 4.204E+06 6.568E+03 1.736E+04 4.204E+06 5.944E+03 1.580E+04 1.066E+06
 1.75E+05 3.812E+06 5.088E+03 1.352E+04 3.812E+06 4.603E+03 1.232E+04 1.096E+06
 2.00E+05 3.517E+06 4.087E+03 1.091E+04 3.517E+06 3.696E+03 9.943E+03 1.128E+06
 2.50E+05 3.106E+06 2.848E+03 7.664E+03 3.106E+06 2.573E+03 6.983E+03 1.197E+06
 3.00E+05 2.835E+06 2.130E+03 5.766E+03 2.835E+06 1.922E+03 5.253E+03 1.272E+06
 3.50E+05 2.643E+06 1.671E+03 4.546E+03 2.643E+06 1.507E+03 4.141E+03 1.353E+06
 4.00E+05 2.500E+06 1.357E+03 3.707E+03 2.500E+06 1.223E+03 3.376E+03 1.439E+06
 4.50E+05 2.391E+06 1.132E+03 3.100E+03 2.391E+06 1.019E+03 2.824E+03 1.530E+06
 5.00E+05 2.305E+06 9.625E+02 2.645E+03 2.305E+06 8.668E+02 2.409E+03 1.626E+06
 6.00E+05 2.179E+06 7.287E+02 2.012E+03 2.179E+06 6.561E+02 1.833E+03 1.827E+06
 7.00E+05 2.091E+06 5.767E+02 1.598E+03 2.091E+06 5.193E+02 1.456E+03 2.040E+06
 8.00E+05 2.028E+06 4.711E+02 1.309E+03 2.028E+06 4.244E+02 1.194E+03 2.264E+06
 9.00E+05 1.980E+06 3.938E+02 1.097E+03 1.980E+06 3.552E+02 1.002E+03 2.498E+06
 1.00E+06 1.943E+06 3.359E+02 9.376E+02 1.943E+06 3.029E+02 8.561E+02 2.740E+06
 1.25E+06 1.880E+06 2.391E+02 6.699E+02 1.880E+06 2.159E+02 6.127E+02 3.379E+06
 1.50E+06 1.841E+06 1.806E+02 5.075E+02 1.841E+06 1.634E+02 4.649E+02 4.061E+06
 1.75E+06 1.815E+06 1.421E+02 4.003E+02 1.815E+06 1.288E+02 3.672E+02 4.775E+06
 2.00E+06 1.797E+06 1.153E+02 3.252E+02 1.797E+06 1.046E+02 2.987E+02 5.518E+06
 2.50E+06 1.774E+06 8.080E+01 2.286E+02 1.774E+06 7.349E+01 2.105E+02 7.071E+06
 3.00E+06 1.761E+06 6.016E+01 1.705E+02 1.761E+06 5.484E+01 1.574E+02 8.696E+06
 3.50E+06 1.752E+06 4.672E+01 1.326E+02 1.752E+06 4.266E+01 1.226E+02 1.038E+07
 4.00E+06 1.746E+06 3.743E+01 1.064E+02 1.746E+06 3.424E+01 9.851E+01 1.211E+07
 4.50E+06 1.742E+06 3.072E+01 8.745E+01 1.742E+06 2.815E+01 8.106E+01 1.388E+07
 5.00E+06 1.739E+06 2.571E+01 7.325E+01 1.739E+06 2.358E+01 6.798E+01 1.569E+07
 6.00E+06 1.734E+06 1.883E+01 5.373E+01 1.734E+06 1.731E+01 4.996E+01 1.940E+07
 7.00E+06 1.732E+06 1.442E+01 4.121E+01 1.732E+06 1.329E+01 3.839E+01 2.320E+07
 8.00E+06 1.730E+06 1.143E+01 3.268E+01 1.730E+06 1.054E+01 3.049E+01 2.710E+07
 9.00E+06 1.729E+06 9.289E+00 2.660E+01 1.729E+06 8.583E+00 2.484E+01 3.105E+07
 1.00E+07 1.728E+06 7.709E+00 2.209E+01 1.728E+06 7.127E+00 2.064E+01 3.507E+07
 1.25E+07 1.726E+06 5.177E+00 1.486E+01 1.726E+06 4.802E+00 1.393E+01 4.532E+07
 1.50E+07 1.726E+06 3.726E+00 1.071E+01 1.726E+06 3.464E+00 1.006E+01 5.581E+07
 1.75E+07 1.725E+06 2.816E+00 8.108E+00 1.725E+06 2.623E+00 7.625E+00 6.648E+07
 2.00E+07 1.725E+06 2.205E+00 6.359E+00 1.725E+06 2.058E+00 5.989E+00 7.729E+07
 2.50E+07 1.724E+06 1.461E+00 4.224E+00 1.724E+06 1.368E+00 3.988E+00 9.922E+07
 3.00E+07 1.724E+06 1.041E+00 3.015E+00 1.724E+06 9.766E-01 2.853E+00 1.215E+08
 3.50E+07 1.724E+06 7.794E-01 2.263E+00 1.724E+06 7.331E-01 2.145E+00 1.440E+08
 4.00E+07 1.724E+06 6.055E-01 1.762E+00 1.724E+06 5.709E-01 1.673E+00 1.667E+08
 4.50E+07 1.724E+06 4.839E-01 1.411E+00 1.724E+06 4.573E-01 1.342E+00 1.895E+08
 5.00E+07 1.724E+06 3.955E-01 1.156E+00 1.724E+06 3.745E-01 1.101E+00 2.125E+08
 6.00E+07 1.724E+06 2.782E-01 8.161E-01 1.724E+06 2.645E-01 7.799E-01 2.588E+08
 7.00E+07 1.724E+06 2.060E-01 6.065E-01 1.724E+06 1.967E-01 5.814E-01 3.055E+08
 8.00E+07 1.724E+06 1.585E-01 4.682E-01 1.724E+06 1.519E-01 4.500E-01 3.525E+08
 9.00E+07 1.724E+06 1.257E-01 3.721E-01 1.724E+06 1.208E-01 3.585E-01 3.997E+08
 1.00E+08 1.724E+06 1.020E-01 3.027E-01 1.724E+06 9.831E-02 2.923E-01 4.471E+08
 1.25E+08 1.724E+06 6.546E-02 1.949E-01 1.724E+06 6.345E-02 1.892E-01 5.662E+08
 1.50E+08 1.724E+06 4.551E-02 1.358E-01 1.724E+06 4.430E-02 1.323E-01 6.861E+08
 1.75E+08 1.724E+06 3.345E-02 9.995E-02 1.724E+06 3.267E-02 9.767E-02 8.065E+08
 2.00E+08 1.724E+06 2.561E-02 7.660E-02 1.724E+06 2.508E-02 7.504E-02 9.273E+08
 2.50E+08 1.724E+06 1.639E-02 4.907E-02 1.724E+06 1.611E-02 4.824E-02 1.170E+09
 3.00E+08 1.724E+06 1.138E-02 3.409E-02 1.724E+06 1.121E-02 3.360E-02 1.413E+09
 3.50E+08 1.724E+06 8.358E-03 2.505E-02 1.724E+06 8.252E-03 2.473E-02 1.657E+09
 4.00E+08 1.724E+06 6.397E-03 1.918E-02 1.724E+06 6.326E-03 1.896E-02 1.901E+09
 4.50E+08 1.724E+06 5.054E-03 1.515E-02 1.724E+06 5.003E-03 1.500E-02 2.145E+09
 5.00E+08 1.724E+06 4.093E-03 1.227E-02 1.724E+06 4.055E-03 1.216E-02 2.390E+09
 6.00E+08 1.724E+06 2.841E-03 8.521E-03 1.724E+06 2.819E-03 8.456E-03 2.881E+09
 7.00E+08 1.724E+06 2.087E-03 6.259E-03 1.724E+06 2.073E-03 6.218E-03 3.372E+09
 8.00E+08 1.724E+06 1.598E-03 4.792E-03 1.724E+06 1.588E-03 4.764E-03 3.863E+09
 9.00E+08 1.724E+06 1.262E-03 3.786E-03 1.724E+06 1.255E-03 3.766E-03 4.355E+09
 1.00E+09 1.724E+06 1.022E-03 3.066E-03 1.724E+06 1.017E-03 3.051E-03 4.847E+09
