 70
 1.00E+02 7.809E+08 1.155E+08 1.456E+08 6.743E+08 1.201E+08 2.103E+08 1.031E+05
 1.25E+02 6.822E+08 8.921E+07 1.101E+08 6.158E+08 1.019E+08 1.789E+08 1.356E+05
 1.50E+02 6.150E+08 7.941E+07 1.010E+08 5.705E+08 8.913E+07 1.566E+08 1.697E+05
 1.75E+02 5.674E+08 7.715E+07 1.030E+08 5.340E+08 7.956E+07 1.399E+08 2.049E+05
 2.00E+02 5.321E+08 7.836E+07 1.089E+08 5.038E+08 7.211E+07 1.269E+08 2.411E+05
 2.50E+02 4.826E+08 8.414E+07 1.205E+08 4.562E+08 6.116E+07 1.077E+08 3.157E+05
 3.00E+02 4.477E+08 8.976E+07 1.259E+08 4.199E+08 5.344E+07 9.423E+07 3.919E+05
 3.50E+02 4.202E+08 9.346E+07 1.251E+08 3.911E+08 4.766E+07 8.415E+07 4.687E+05
 4.00E+02 3.973E+08 9.514E+07 1.199E+08 3.675E+08 4.313E+07 7.629E+07 5.452E+05
 4.50E+02 3.776E+08 9.513E+07 1.125E+08 3.476E+08 3.947E+07 6.995E+07 6.208E+05
 5.00E+02 3.603E+08 9.388E+07 1.043E+08 3.307E+08 3.644E+07 6.472E+07 6.950E+05
 6.00E+02 3.312E+08 8.916E+07 8.839E+07 3.030E+08 3.169E+07 5.653E+07 8.373E+05
 7.00E+02 3.078E+08 8.311E+07 7.530E+07 2.812E+08 2.811E+07 5.038E+07 9.700E+05
 8.00E+02 2.883E+08 7.684E+07 6.524E+07 2.635E+08 2.530E+07 4.555E+07 1.092E+06
 9.00E+02 2.719E+08 7.085E+07 5.765E+07 2.487E+08 2.303E+07 4.164E+07 1.202E+06
 1.00E+03 2.578E+08 6.533E+07 5.189E+07 2.361E+08 2.114E+07 3.840E+07 1.301E+06
 1.25E+03 2.299E+08 5.377E+07 4.248E+07 2.113E+08 1.757E+07 3.226E+07 1.500E+06
 1.50E+03 2.091E+08 4.497E+07 3.683E+07 1.929E+08 1.503E+07 2.788E+07 1.717E+06
 1.75E+03 1.928E+08 3.821E+07 3.294E+07 1.784E+08 1.313E+07 2.458E+07 1.933E+06
 2.00E+03 1.797E+08 3.294E+07 2.997E+07 1.667E+08 1.164E+07 2.198E+07 2.144E+06
 2.50E+03 1.596E+08 2.536E+07 2.549E+07 1.487E+08 9.468E+06 1.815E+07 2.534E+06
 3.00E+03 1.449E+08 2.026E+07 2.212E+07 1.353E+08 7.944E+06 1.543E+07 2.884E+06
 3.50E+03 1.334E+08 1.665E+07 1.945E+07 1.248E+08 6.816E+06 1.340E+07 3.197E+06
 4.00E+03 1.241E+08 1.399E+07 1.728E+07 1.163E+08 5.948E+06 1.182E+07 3.477E+06
 4.50E+03 1.164E+08 1.196E+07 1.548E+07 1.093E+08 5.259E+06 1.055E+07 3.733E+06
 5.00E+03 1.099E+08 1.038E+07 1.396E+07 1.033E+08 4.699E+06 9.508E+06 3.965E+06
 6.00E+03 9.936E+07 8.078E+06 1.157E+07 9.362E+07 3.847E+06 7.904E+06 4.375E+06
 7.00E+03 9.118E+07 6.511E+06 9.790E+06 8.609E+07 3.231E+06 6.726E+06 4.726E+06
 8.00E+03 8.458E+07 5.387E+06 8.419E+06 8.000E+07 2.766E+06 5.824E+06 5.032E+06
 9.00E+03 7.912E+07 4.550E+06 7.338E+06 7.494E+07 2.404E+06 5.114E+06 5.301E+06
 1.00E+04 7.450E+07 3.906E+06 6.469E+06 7.065E+07 2.116E+06 4.540E+06 5.544E+06
 1.25E+04 6.550E+07 2.817E+06 4.910E+06 6.228E+07 1.602E+06 3.502E+06 6.055E+06
 1.50E+04 5.887E+07 2.150E+06 3.888E+06 5.609E+07 1.267E+06 2.810E+06 6.473E+06
 1.75E+04 5.374E+07 1.706E+06 3.176E+06 5.128E+07 1.033E+06 2.320E+06 6.825E+06
 2.00E+04 4.961E+07 1.395E+06 2.657E+06 4.741E+07 8.632E+05 1.958E+06 7.128E+06
 2.50E+04 4.334E+07 9.938E+05 1.960E+06 4.152E+07 6.347E+05 1.463E+06 7.635E+06
 3.00E+04 3.875E+07 7.516E+05 1.522E+06 3.720E+07 4.907E+05 1.146E+06 8.050E+06
 3.50E+04 3.522E+07 5.927E+05 1.225E+06 3.387E+07 3.932E+05 9.276E+05 8.406E+06
 4.00E+04 3.240E+07 4.821E+05 1.013E+06 3.122E+07 3.237E+05 7.702E+05 8.716E+06
 4.50E+04 3.010E+07 4.016E+05 8.553E+05 2.904E+07 2.721E+05 6.523E+05 8.997E+06
 5.00E+04 2.818E+07 3.409E+05 7.347E+05 2.722E+07 2.327E+05 5.614E+05 9.254E+06
 6.00E+04 2.514E+07 2.566E+05 5.637E+05 2.434E+07 1.769E+05 4.316E+05 9.712E+06
 7.00E+04 2.284E+07 2.017E+05 4.500E+05 2.215E+07 1.400E+05 3.446E+05 1.012E+07
 8.00E+04 2.103E+07 1.637E+05 3.698E+05 2.043E+07 1.141E+05 2.830E+05 1.049E+07
 9.00E+04 1.957E+07 1.362E+05 3.109E+05 1.904E+07 9.516E+04 2.377E+05 1.083E+07
 1.00E+05 1.837E+07 1.155E+05 2.661E+05 1.789E+07 8.085E+04 2.032E+05 1.114E+07
 1.25E+05 1.591E+07 8.127E+04 1.928E+05 1.591E+07 5.742E+04 1.438E+05 1.185E+07
 1.50E+05 1.437E+07 6.119E+04 1.467E+05 1.437E+07 4.324E+04 1.097E+05 1.248E+07
 1.75E+05 1.324E+07 4.820E+04 1.167E+05 1.324E+07 3.400E+04 8.724E+04 1.305E+07
 2.00E+05 1.236E+07 3.925E+04 9.571E+04 1.236E+07 2.762E+04 7.151E+04 1.359E+07
 2.50E+05 1.111E+07 2.791E+04 6.891E+04 1.111E+07 1.954E+04 5.133E+04 1.463E+07
 3.00E+05 1.027E+07 2.118E+04 5.279E+04 1.027E+07 1.476E+04 3.920E+04 1.564E+07
 3.50E+05 9.655E+06 1.679E+04 4.219E+04 9.655E+06 1.166E+04 3.124E+04 1.666E+07
 4.00E+05 9.196E+06 1.375E+04 3.478E+04 9.196E+06 9.523E+03 2.569E+04 1.770E+07
 4.50E+05 8.841E+06 1.154E+04 2.933E+04 8.841E+06 7.973E+03 2.164E+04 1.875E+07
 5.00E+05 8.558E+06 9.867E+03 2.520E+04 8.558E+06 6.808E+03 1.857E+04 1.982E+07
 6.00E+05 8.139E+06 7.529E+03 1.937E+04 8.139E+06 5.187E+03 1.426E+04 2.201E+07
 7.00E+05 7.846E+06 5.991E+03 1.551E+04 7.846E+06 4.127E+03 1.142E+04 2.426E+07
 8.00E+05 7.633E+06 4.913E+03 1.278E+04 7.633E+06 3.388E+03 9.418E+03 2.658E+07
 9.00E+05 7.471E+06 4.122E+03 1.076E+04 7.471E+06 2.846E+03 7.944E+03 2.894E+07
 1.00E+06 7.345E+06 3.521E+03 9.225E+03 7.345E+06 2.436E+03 6.820E+03 3.136E+07
 1.25E+06 7.130E+06 2.515E+03 6.632E+03 7.130E+06 1.749E+03 4.926E+03 3.761E+07
 1.50E+06 6.996E+06 1.904E+03 5.044E+03 6.996E+06 1.331E+03 3.766E+03 4.411E+07
 1.75E+06 6.907E+06 1.500E+03 3.989E+03 6.907E+06 1.055E+03 2.993E+03 5.081E+07
 2.00E+06 6.845E+06 1.217E+03 3.247E+03 6.845E+06 8.604E+02 2.447E+03 5.769E+07
 2.50E+06 6.765E+06 8.534E+02 2.288E+03 6.765E+06 6.092E+02 1.739E+03 7.185E+07
 3.00E+06 6.718E+06 6.352E+02 1.709E+03 6.718E+06 4.573E+02 1.308E+03 8.642E+07
 3.50E+06 6.688E+06 4.931E+02 1.331E+03 6.688E+06 3.575E+02 1.025E+03 1.013E+08
 4.00E+06 6.667E+06 3.948E+02 1.068E+03 6.667E+06 2.881E+02 8.271E+02 1.165E+08
 4.50E+06 6.652E+06 3.239E+02 8.781E+02 6.652E+06 2.377E+02 6.831E+02 1.320E+08
 5.00E+06 6.641E+06 2.708E+02 7.357E+02 6.641E+06 1.998E+02 5.748E+02 1.476E+08
 6.00E+06 6.627E+06 1.980E+02 5.397E+02 6.627E+06 1.474E+02 4.248E+02 1.795E+08
 7.00E+06 6.618E+06 1.515E+02 4.139E+02 6.618E+06 1.136E+02 3.279E+02 2.121E+08
 8.00E+06 6.612E+06 1.198E+02 3.282E+02 6.612E+06 9.043E+01 2.613E+02 2.451E+08
 9.00E+06 6.607E+06 9.725E+01 2.669E+02 6.607E+06 7.383E+01 2.136E+02 2.786E+08
 1.00E+07 6.604E+06 8.058E+01 2.216E+02 6.604E+06 6.150E+01 1.781E+02 3.125E+08
 1.25E+07 6.599E+06 5.387E+01 1.488E+02 6.599E+06 4.159E+01 1.207E+02 3.985E+08
 1.50E+07 6.597E+06 3.860E+01 1.071E+02 6.597E+06 3.010E+01 8.749E+01 4.863E+08
 1.75E+07 6.595E+06 2.902E+01 8.080E+01 6.595E+06 2.284E+01 6.650E+01 5.753E+08
 2.00E+07 6.594E+06 2.261E+01 6.319E+01 6.594E+06 1.795E+01 5.233E+01 6.655E+08
 2.50E+07 6.593E+06 1.481E+01 4.170E+01 6.593E+06 1.195E+01 3.494E+01 8.484E+08
 3.00E+07 6.592E+06 1.042E+01 2.955E+01 6.592E+06 8.540E+00 2.503E+01 1.034E+09
 3.50E+07 6.591E+06 7.710E+00 2.201E+01 6.591E+06 6.409E+00 1.883E+01 1.222E+09
 4.00E+07 6.591E+06 5.917E+00 1.700E+01 6.591E+06 4.988E+00 1.469E+01 1.411E+09
 4.50E+07 6.591E+06 4.674E+00 1.351E+01 6.591E+06 3.992E+00 1.178E+01 1.602E+09
 5.00E+07 6.591E+06 3.779E+00 1.098E+01 6.591E+06 3.267E+00 9.656E+00 1.794E+09
 6.00E+07 6.591E+06 2.608E+00 7.643E+00 6.591E+06 2.303E+00 6.829E+00 2.181E+09
 7.00E+07 6.591E+06 1.903E+00 5.612E+00 6.591E+06 1.710E+00 5.083E+00 2.571E+09
 8.00E+07 6.591E+06 1.448E+00 4.290E+00 6.591E+06 1.320E+00 3.929E+00 2.963E+09
 9.00E+07 6.591E+06 1.139E+00 3.382E+00 6.591E+06 1.049E+00 3.128E+00 3.357E+09
 1.00E+08 6.591E+06 9.188E-01 2.734E+00 6.591E+06 8.537E-01 2.548E+00 3.752E+09
 1.25E+08 6.591E+06 5.837E-01 1.743E+00 6.591E+06 5.511E-01 1.648E+00 4.746E+09
 1.50E+08 6.591E+06 4.034E-01 1.206E+00 6.591E+06 3.849E-01 1.152E+00 5.745E+09
 1.75E+08 6.591E+06 2.954E-01 8.842E-01 6.591E+06 2.839E-01 8.502E-01 6.747E+09
 2.00E+08 6.591E+06 2.257E-01 6.758E-01 6.591E+06 2.180E-01 6.532E-01 7.752E+09
 2.50E+08 6.591E+06 1.440E-01 4.315E-01 6.591E+06 1.401E-01 4.200E-01 9.766E+09
 3.00E+08 6.591E+06 9.980E-02 2.992E-01 6.591E+06 9.759E-02 2.926E-01 1.178E+10
 3.50E+08 6.591E+06 7.323E-02 2.196E-01 6.591E+06 7.184E-02 2.154E-01 1.381E+10
 4.00E+08 6.591E+06 5.601E-02 1.680E-01 6.591E+06 5.509E-02 1.652E-01 1.583E+10
 4.50E+08 6.591E+06 4.423E-02 1.326E-01 6.591E+06 4.358E-02 1.307E-01 1.786E+10
 5.00E+08 6.591E+06 3.581E-02 1.074E-01 6.591E+06 3.533E-02 1.060E-01 1.989E+10
 6.00E+08 6.591E+06 2.485E-02 7.453E-02 6.591E+06 2.457E-02 7.370E-02 2.395E+10
 7.00E+08 6.591E+06 1.824E-02 5.473E-02 6.591E+06 1.807E-02 5.420E-02 2.802E+10
 8.00E+08 6.591E+06 1.396E-02 4.189E-02 6.591E+06 1.385E-02 4.153E-02 3.208E+10
 9.00E+08 6.591E+06 1.103E-02 3.309E-02 6.591E+06 1.095E-02 3.283E-02 3.616E+10
 1.00E+09 6.591E+06 8.932E-03 2.679E-02 6.591E+06 8.870E-03 2.661E-02 4.023E+10
