 76
 1.00E+02 9.282E+08 1.394E+08 2.775E+08 5.366E+08 1.264E+08 2.118E+08 1.105E+05
 1.25E+02 8.271E+08 1.023E+08 2.065E+08 5.002E+08 1.089E+08 1.843E+08 1.452E+05
 1.50E+02 7.465E+08 8.633E+07 1.689E+08 4.712E+08 9.624E+07 1.640E+08 1.815E+05
 1.75E+02 6.814E+08 8.099E+07 1.510E+08 4.474E+08 8.652E+07 1.483E+08 2.190E+05
 2.00E+02 6.277E+08 8.099E+07 1.438E+08 4.273E+08 7.879E+07 1.357E+08 2.575E+05
 2.50E+02 5.444E+08 8.701E+07 1.424E+08 3.948E+08 6.721E+07 1.166E+08 3.368E+05
 3.00E+02 4.833E+08 9.380E+07 1.430E+08 3.694E+08 5.888E+07 1.028E+08 4.177E+05
 3.50E+02 4.375E+08 9.844E+07 1.401E+08 3.487E+08 5.256E+07 9.223E+07 4.993E+05
 4.00E+02 4.025E+08 1.006E+08 1.337E+08 3.313E+08 4.757E+07 8.386E+07 5.807E+05
 4.50E+02 3.752E+08 1.007E+08 1.254E+08 3.165E+08 4.352E+07 7.704E+07 6.610E+05
 5.00E+02 3.535E+08 9.939E+07 1.164E+08 3.037E+08 4.015E+07 7.135E+07 7.399E+05
 6.00E+02 3.211E+08 9.425E+07 9.930E+07 2.823E+08 3.486E+07 6.237E+07 8.916E+05
 7.00E+02 2.977E+08 8.771E+07 8.511E+07 2.650E+08 3.086E+07 5.556E+07 1.033E+06
 8.00E+02 2.796E+08 8.101E+07 7.406E+07 2.507E+08 2.772E+07 5.019E+07 1.164E+06
 9.00E+02 2.649E+08 7.464E+07 6.556E+07 2.386E+08 2.518E+07 4.583E+07 1.283E+06
 1.00E+03 2.524E+08 6.881E+07 5.899E+07 2.281E+08 2.307E+07 4.222E+07 1.390E+06
 1.25E+03 2.277E+08 5.666E+07 4.790E+07 2.070E+08 1.910E+07 3.535E+07 1.606E+06
 1.50E+03 2.090E+08 4.744E+07 4.105E+07 1.910E+08 1.629E+07 3.046E+07 1.849E+06
 1.75E+03 1.942E+08 4.037E+07 3.628E+07 1.781E+08 1.419E+07 2.678E+07 2.094E+06
 2.00E+03 1.820E+08 3.485E+07 3.268E+07 1.676E+08 1.256E+07 2.389E+07 2.333E+06
 2.50E+03 1.631E+08 2.692E+07 2.739E+07 1.510E+08 1.018E+07 1.965E+07 2.779E+06
 3.00E+03 1.489E+08 2.158E+07 2.355E+07 1.385E+08 8.519E+06 1.666E+07 3.181E+06
 3.50E+03 1.378E+08 1.778E+07 2.059E+07 1.286E+08 7.296E+06 1.443E+07 3.541E+06
 4.00E+03 1.288E+08 1.498E+07 1.822E+07 1.204E+08 6.357E+06 1.270E+07 3.866E+06
 4.50E+03 1.213E+08 1.283E+07 1.628E+07 1.136E+08 5.614E+06 1.132E+07 4.162E+06
 5.00E+03 1.148E+08 1.116E+07 1.467E+07 1.078E+08 5.013E+06 1.019E+07 4.432E+06
 6.00E+03 1.044E+08 8.717E+06 1.214E+07 9.823E+07 4.099E+06 8.450E+06 4.910E+06
 7.00E+03 9.616E+07 7.048E+06 1.027E+07 9.071E+07 3.440E+06 7.179E+06 5.320E+06
 8.00E+03 8.948E+07 5.848E+06 8.843E+06 8.458E+07 2.944E+06 6.211E+06 5.679E+06
 9.00E+03 8.391E+07 4.952E+06 7.717E+06 7.946E+07 2.559E+06 5.450E+06 5.998E+06
 1.00E+04 7.918E+07 4.261E+06 6.813E+06 7.510E+07 2.253E+06 4.837E+06 6.284E+06
 1.25E+04 6.990E+07 3.088E+06 5.190E+06 6.650E+07 1.708E+06 3.729E+06 6.891E+06
 1.50E+04 6.301E+07 2.366E+06 4.125E+06 6.009E+07 1.352E+06 2.994E+06 7.391E+06
 1.75E+04 5.765E+07 1.884E+06 3.382E+06 5.508E+07 1.105E+06 2.474E+06 7.812E+06
 2.00E+04 5.333E+07 1.545E+06 2.838E+06 5.103E+07 9.250E+05 2.090E+06 8.179E+06
 2.50E+04 4.673E+07 1.106E+06 2.106E+06 4.483E+07 6.827E+05 1.566E+06 8.795E+06
 3.00E+04 4.188E+07 8.400E+05 1.643E+06 4.027E+07 5.297E+05 1.230E+06 9.304E+06
 3.50E+04 3.814E+07 6.647E+05 1.328E+06 3.673E+07 4.258E+05 9.984E+05 9.740E+06
 4.00E+04 3.515E+07 5.423E+05 1.102E+06 3.391E+07 3.516E+05 8.312E+05 1.013E+07
 4.50E+04 3.270E+07 4.530E+05 9.343E+05 3.158E+07 2.964E+05 7.057E+05 1.047E+07
 5.00E+04 3.065E+07 3.855E+05 8.050E+05 2.964E+07 2.540E+05 6.087E+05 1.079E+07
 6.00E+04 2.740E+07 2.914E+05 6.211E+05 2.655E+07 1.940E+05 4.699E+05 1.137E+07
 7.00E+04 2.493E+07 2.298E+05 4.981E+05 2.420E+07 1.540E+05 3.765E+05 1.188E+07
 8.00E+04 2.299E+07 1.871E+05 4.111E+05 2.235E+07 1.259E+05 3.103E+05 1.234E+07
 9.00E+04 2.142E+07 1.561E+05 3.468E+05 2.084E+07 1.053E+05 2.613E+05 1.276E+07
 1.00E+05 2.012E+07 1.327E+05 2.978E+05 1.960E+07 8.970E+04 2.239E+05 1.316E+07
 1.25E+05 1.747E+07 9.365E+04 2.170E+05 1.747E+07 6.408E+04 1.589E+05 1.405E+07
 1.50E+05 1.580E+07 7.081E+04 1.660E+05 1.580E+07 4.844E+04 1.219E+05 1.484E+07
 1.75E+05 1.457E+07 5.596E+04 1.325E+05 1.457E+07 3.820E+04 9.723E+04 1.556E+07
 2.00E+05 1.362E+07 4.569E+04 1.091E+05 1.362E+07 3.110E+04 7.993E+04 1.624E+07
 2.50E+05 1.226E+07 3.262E+04 7.896E+04 1.226E+07 2.207E+04 5.760E+04 1.752E+07
 3.00E+05 1.134E+07 2.482E+04 6.072E+04 1.134E+07 1.670E+04 4.411E+04 1.878E+07
 3.50E+05 1.067E+07 1.973E+04 4.867E+04 1.067E+07 1.322E+04 3.523E+04 2.003E+07
 4.00E+05 1.017E+07 1.618E+04 4.020E+04 1.017E+07 1.081E+04 2.902E+04 2.128E+07
 4.50E+05 9.782E+06 1.360E+04 3.397E+04 9.782E+06 9.056E+03 2.448E+04 2.255E+07
 5.00E+05 9.473E+06 1.164E+04 2.923E+04 9.473E+06 7.738E+03 2.103E+04 2.384E+07
 6.00E+05 9.014E+06 8.895E+03 2.252E+04 9.014E+06 5.903E+03 1.618E+04 2.646E+07
 7.00E+05 8.694E+06 7.086E+03 1.806E+04 8.694E+06 4.701E+03 1.297E+04 2.914E+07
 8.00E+05 8.460E+06 5.816E+03 1.490E+04 8.460E+06 3.862E+03 1.071E+04 3.188E+07
 9.00E+05 8.282E+06 4.883E+03 1.256E+04 8.282E+06 3.247E+03 9.040E+03 3.468E+07
 1.00E+06 8.144E+06 4.173E+03 1.077E+04 8.144E+06 2.780E+03 7.767E+03 3.753E+07
 1.25E+06 7.908E+06 2.982E+03 7.756E+03 7.908E+06 1.999E+03 5.619E+03 4.485E+07
 1.50E+06 7.761E+06 2.258E+03 5.905E+03 7.761E+06 1.523E+03 4.301E+03 5.246E+07
 1.75E+06 7.664E+06 1.780E+03 4.672E+03 7.664E+06 1.208E+03 3.421E+03 6.027E+07
 2.00E+06 7.595E+06 1.444E+03 3.804E+03 7.595E+06 9.858E+02 2.800E+03 6.826E+07
 2.50E+06 7.508E+06 1.013E+03 2.683E+03 7.508E+06 6.988E+02 1.992E+03 8.469E+07
 3.00E+06 7.456E+06 7.539E+02 2.005E+03 7.456E+06 5.250E+02 1.500E+03 1.016E+08
 3.50E+06 7.423E+06 5.851E+02 1.561E+03 7.423E+06 4.108E+02 1.176E+03 1.189E+08
 4.00E+06 7.400E+06 4.685E+02 1.253E+03 7.400E+06 3.312E+02 9.500E+02 1.364E+08
 4.50E+06 7.384E+06 3.842E+02 1.031E+03 7.384E+06 2.734E+02 7.851E+02 1.543E+08
 5.00E+06 7.372E+06 3.213E+02 8.635E+02 7.372E+06 2.299E+02 6.610E+02 1.724E+08
 6.00E+06 7.356E+06 2.349E+02 6.335E+02 7.356E+06 1.697E+02 4.889E+02 2.092E+08
 7.00E+06 7.346E+06 1.796E+02 4.859E+02 7.346E+06 1.309E+02 3.776E+02 2.467E+08
 8.00E+06 7.339E+06 1.420E+02 3.852E+02 7.339E+06 1.043E+02 3.011E+02 2.848E+08
 9.00E+06 7.335E+06 1.152E+02 3.133E+02 7.335E+06 8.515E+01 2.462E+02 3.234E+08
 1.00E+07 7.331E+06 9.545E+01 2.601E+02 7.331E+06 7.096E+01 2.054E+02 3.625E+08
 1.25E+07 7.326E+06 6.376E+01 1.746E+02 7.326E+06 4.802E+01 1.393E+02 4.618E+08
 1.50E+07 7.323E+06 4.563E+01 1.256E+02 7.323E+06 3.477E+01 1.010E+02 5.630E+08
 1.75E+07 7.321E+06 3.428E+01 9.472E+01 7.321E+06 2.640E+01 7.682E+01 6.657E+08
 2.00E+07 7.320E+06 2.667E+01 7.404E+01 7.320E+06 2.075E+01 6.048E+01 7.697E+08
 2.50E+07 7.318E+06 1.743E+01 4.880E+01 7.318E+06 1.382E+01 4.039E+01 9.806E+08
 3.00E+07 7.318E+06 1.224E+01 3.454E+01 7.318E+06 9.875E+00 2.894E+01 1.195E+09
 3.50E+07 7.317E+06 9.029E+00 2.568E+01 7.317E+06 7.411E+00 2.178E+01 1.411E+09
 4.00E+07 7.317E+06 6.913E+00 1.981E+01 7.317E+06 5.768E+00 1.699E+01 1.630E+09
 4.50E+07 7.317E+06 5.449E+00 1.572E+01 7.317E+06 4.616E+00 1.362E+01 1.850E+09
 5.00E+07 7.317E+06 4.397E+00 1.276E+01 7.317E+06 3.777E+00 1.117E+01 2.071E+09
 6.00E+07 7.317E+06 3.026E+00 8.866E+00 7.317E+06 2.663E+00 7.898E+00 2.518E+09
 7.00E+07 7.317E+06 2.204E+00 6.500E+00 7.317E+06 1.977E+00 5.878E+00 2.968E+09
 8.00E+07 7.317E+06 1.676E+00 4.963E+00 7.317E+06 1.526E+00 4.544E+00 3.420E+09
 9.00E+07 7.317E+06 1.316E+00 3.911E+00 7.317E+06 1.213E+00 3.617E+00 3.875E+09
 1.00E+08 7.317E+06 1.062E+00 3.160E+00 7.317E+06 9.870E-01 2.946E+00 4.332E+09
 1.25E+08 7.317E+06 6.741E-01 2.013E+00 7.317E+06 6.371E-01 1.905E+00 5.479E+09
 1.50E+08 7.317E+06 4.659E-01 1.393E+00 7.317E+06 4.450E-01 1.332E+00 6.632E+09
 1.75E+08 7.317E+06 3.412E-01 1.021E+00 7.317E+06 3.282E-01 9.830E-01 7.789E+09
 2.00E+08 7.317E+06 2.606E-01 7.805E-01 7.317E+06 2.521E-01 7.552E-01 8.949E+09
 2.50E+08 7.317E+06 1.663E-01 4.984E-01 7.317E+06 1.620E-01 4.856E-01 1.127E+10
 3.00E+08 7.317E+06 1.153E-01 3.456E-01 7.317E+06 1.128E-01 3.383E-01 1.360E+10
 3.50E+08 7.317E+06 8.460E-02 2.537E-01 7.317E+06 8.306E-02 2.491E-01 1.594E+10
 4.00E+08 7.317E+06 6.472E-02 1.941E-01 7.317E+06 6.369E-02 1.910E-01 1.827E+10
 4.50E+08 7.317E+06 5.110E-02 1.533E-01 7.317E+06 5.038E-02 1.511E-01 2.061E+10
 5.00E+08 7.317E+06 4.137E-02 1.241E-01 7.317E+06 4.085E-02 1.225E-01 2.296E+10
 6.00E+08 7.317E+06 2.871E-02 8.611E-02 7.317E+06 2.841E-02 8.520E-02 2.764E+10
 7.00E+08 7.317E+06 2.108E-02 6.324E-02 7.317E+06 2.089E-02 6.266E-02 3.234E+10
 8.00E+08 7.317E+06 1.613E-02 4.840E-02 7.317E+06 1.601E-02 4.801E-02 3.703E+10
 9.00E+08 7.317E+06 1.274E-02 3.823E-02 7.317E+06 1.265E-02 3.796E-02 4.173E+10
 1.00E+09 7.317E+06 1.032E-02 3.096E-02 7.317E+06 1.025E-02 3.076E-02 4.643E+10
