P1   MATERIAL:(Titanium                                  -DBASE)
P2   MASS DENSITY=( 4.5400E+00) g/cm**3
P3   NUMBER OF ELEMENTS IN THE MOLECULE=( 1) /.LE.15/
P4+  ATOMIC NUMBER=(22),ATOMS/MOLECULE=( 1.000000E+00)
P5   MEAN EXCITATION ENERGY=(  233.00) eV
P6   NUMBER OF OSCILLATORS=( 7) /.LE.30/
P7+  ( 4.000000E+00,-1.774650E+01, 7.492E-01, 0) OSCILLATOR DATA
P7+  ( 6.000000E+00, 3.300000E+01, 2.820E-01, 0) OSCILLATOR DATA
P7+  ( 2.000000E+00, 5.800000E+01, 4.410E-01, 0) OSCILLATOR DATA
P7+  ( 4.000000E+00, 4.550000E+02, 7.980E-02, 0) OSCILLATOR DATA
P7+  ( 2.000000E+00, 4.610000E+02, 7.980E-02, 0) OSCILLATOR DATA
P7+  ( 2.000000E+00, 5.610000E+02, 1.550E-01, 0) OSCILLATOR DATA
P7+  ( 2.000000E+00, 4.966000E+03, 3.990E-02,22) OSCILLATOR DATA
P8   NUMBER OF INPUT ENERGIES=(106) FOR ELECTRONS /.LT.180/
 1.00E+02  1.172E-01  2.887E-01  2.642E-01  1.877E+02  6.796E-04
 1.25E+02  1.295E-01  3.375E-01  3.414E-01  1.822E+02  8.389E-04
 1.50E+02  1.417E-01  3.880E-01  4.231E-01  1.763E+02  9.963E-04
 1.75E+02  1.536E-01  4.407E-01  5.051E-01  1.687E+02  1.152E-03
 2.00E+02  1.652E-01  4.957E-01  5.855E-01  1.604E+02  1.304E-03
 2.50E+02  1.871E-01  6.116E-01  7.341E-01  1.452E+02  1.604E-03
 3.00E+02  2.076E-01  7.362E-01  8.672E-01  1.328E+02  1.892E-03
 3.50E+02  2.269E-01  8.681E-01  9.878E-01  1.224E+02  2.168E-03
 4.00E+02  2.453E-01  1.008E+00  1.100E+00  1.135E+02  2.433E-03
 4.50E+02  2.628E-01  1.155E+00  1.207E+00  1.059E+02  2.684E-03
 5.00E+02  2.797E-01  1.309E+00  1.312E+00  9.939E+01  2.922E-03
 6.00E+02  3.117E-01  1.637E+00  1.519E+00  8.870E+01  3.359E-03
 7.00E+02  3.420E-01  1.992E+00  1.728E+00  8.030E+01  3.746E-03
 8.00E+02  3.708E-01  2.373E+00  1.943E+00  7.351E+01  4.084E-03
 9.00E+02  3.985E-01  2.777E+00  2.165E+00  6.790E+01  4.376E-03
 1.00E+03  4.256E-01  3.206E+00  2.394E+00  6.595E+01  4.627E-03
 1.25E+03  4.899E-01  4.376E+00  3.000E+00  5.931E+01  5.094E-03
 1.50E+03  5.510E-01  5.679E+00  3.654E+00  5.338E+01  5.500E-03
 1.75E+03  6.092E-01  7.112E+00  4.357E+00  4.844E+01  5.855E-03
 2.00E+03  6.659E-01  8.668E+00  5.103E+00  4.454E+01  6.169E-03
 2.50E+03  7.749E-01  1.214E+01  6.732E+00  3.863E+01  6.703E-03
 3.00E+03  8.789E-01  1.606E+01  8.534E+00  3.424E+01  7.143E-03
 3.50E+03  9.800E-01  2.042E+01  1.050E+01  3.083E+01  7.513E-03
 4.00E+03  1.078E+00  2.520E+01  1.263E+01  2.810E+01  7.833E-03
 4.50E+03  1.175E+00  3.039E+01  1.492E+01  2.586E+01  8.110E-03
 5.00E+03  1.270E+00  3.599E+01  1.736E+01  2.399E+01  8.355E-03
 6.00E+03  1.456E+00  4.836E+01  2.270E+01  2.104E+01  8.769E-03
 7.00E+03  1.638E+00  6.226E+01  2.863E+01  1.881E+01  9.109E-03
 8.00E+03  1.817E+00  7.772E+01  3.513E+01  1.705E+01  9.390E-03
 9.00E+03  1.994E+00  9.456E+01  4.220E+01  1.563E+01  9.629E-03
 1.00E+04  2.168E+00  1.129E+02  4.982E+01  1.446E+01  9.836E-03
 1.25E+04  2.596E+00  1.647E+02  7.118E+01  1.237E+01  1.025E-02
 1.50E+04  3.014E+00  2.249E+02  9.572E+01  1.082E+01  1.056E-02
 1.75E+04  3.426E+00  2.933E+02  1.234E+02  9.662E+00  1.080E-02
 2.00E+04  3.828E+00  3.695E+02  1.540E+02  8.755E+00  1.100E-02
 2.50E+04  4.617E+00  5.446E+02  2.237E+02  7.439E+00  1.129E-02
 3.00E+04  5.383E+00  7.487E+02  3.043E+02  6.516E+00  1.150E-02
 3.50E+04  6.125E+00  9.799E+02  3.950E+02  5.829E+00  1.167E-02
 4.00E+04  6.848E+00  1.237E+03  4.954E+02  5.298E+00  1.180E-02
 4.50E+04  7.550E+00  1.520E+03  6.055E+02  4.875E+00  1.191E-02
 5.00E+04  8.231E+00  1.827E+03  7.241E+02  4.528E+00  1.202E-02
 6.00E+04  9.542E+00  2.510E+03  9.866E+02  3.995E+00  1.218E-02
 7.00E+04  1.079E+01  3.281E+03  1.281E+03  3.603E+00  1.233E-02
 8.00E+04  1.197E+01  4.132E+03  1.604E+03  3.302E+00  1.246E-02
 9.00E+04  1.309E+01  5.061E+03  1.955E+03  3.064E+00  1.259E-02
 1.00E+05  1.416E+01  6.060E+03  2.332E+03  2.871E+00  1.273E-02
 1.25E+05  1.673E+01  8.919E+03  3.396E+03  2.517E+00  1.306E-02
 1.50E+05  1.891E+01  1.211E+04  4.580E+03  2.277E+00  1.341E-02
 1.75E+05  2.086E+01  1.563E+04  5.881E+03  2.104E+00  1.379E-02
 2.00E+05  2.261E+01  1.945E+04  7.288E+03  1.974E+00  1.419E-02
 2.50E+05  2.560E+01  2.792E+04  1.037E+04  1.792E+00  1.506E-02
 3.00E+05  2.804E+01  3.733E+04  1.379E+04  1.673E+00  1.600E-02
 3.50E+05  3.008E+01  4.758E+04  1.749E+04  1.590E+00  1.702E-02
 4.00E+05  3.180E+01  5.859E+04  2.145E+04  1.531E+00  1.810E-02
 4.50E+05  3.325E+01  7.024E+04  2.565E+04  1.486E+00  1.924E-02
 5.00E+05  3.449E+01  8.260E+04  3.006E+04  1.452E+00  2.045E-02
 6.00E+05  3.649E+01  1.091E+05  3.952E+04  1.405E+00  2.298E-02
 7.00E+05  3.802E+01  1.379E+05  4.975E+04  1.375E+00  2.566E-02
 8.00E+05  3.920E+01  1.688E+05  6.074E+04  1.356E+00  2.848E-02
 9.00E+05  4.015E+01  2.019E+05  7.248E+04  1.344E+00  3.142E-02
 1.00E+06  4.092E+01  2.367E+05  8.480E+04  1.337E+00  3.446E-02
 1.25E+06  4.229E+01  3.325E+05  1.187E+05  1.329E+00  4.250E-02
 1.50E+06  4.319E+01  4.402E+05  1.567E+05  1.331E+00  5.108E-02
 1.75E+06  4.381E+01  5.595E+05  1.986E+05  1.336E+00  6.006E-02
 2.00E+06  4.424E+01  6.896E+05  2.445E+05  1.343E+00  6.940E-02
 2.50E+06  4.482E+01  9.840E+05  3.478E+05  1.359E+00  8.894E-02
 3.00E+06  4.515E+01  1.322E+06  4.663E+05  1.375E+00  1.094E-01
 3.50E+06  4.538E+01  1.702E+06  5.996E+05  1.390E+00  1.306E-01
 4.00E+06  4.554E+01  2.124E+06  7.472E+05  1.404E+00  1.523E-01
 4.50E+06  4.564E+01  2.588E+06  9.092E+05  1.417E+00  1.746E-01
 5.00E+06  4.572E+01  3.092E+06  1.085E+06  1.429E+00  1.973E-01
 6.00E+06  4.585E+01  4.222E+06  1.480E+06  1.450E+00  2.440E-01
 7.00E+06  4.590E+01  5.514E+06  1.929E+06  1.468E+00  2.918E-01
 8.00E+06  4.596E+01  6.956E+06  2.433E+06  1.484E+00  3.409E-01
 9.00E+06  4.598E+01  8.559E+06  2.989E+06  1.497E+00  3.905E-01
 1.00E+07  4.601E+01  1.031E+07  3.599E+06  1.510E+00  4.411E-01
 1.25E+07  4.606E+01  1.536E+07  5.350E+06  1.535E+00  5.700E-01
 1.50E+07  4.606E+01  2.134E+07  7.424E+06  1.554E+00  7.020E-01
 1.75E+07  4.609E+01  2.823E+07  9.806E+06  1.570E+00  8.362E-01
 2.00E+07  4.609E+01  3.606E+07  1.250E+07  1.584E+00  9.721E-01
 2.50E+07  4.612E+01  5.442E+07  1.882E+07  1.605E+00  1.248E+00
 3.00E+07  4.612E+01  7.638E+07  2.637E+07  1.622E+00  1.528E+00
 3.50E+07  4.612E+01  1.020E+08  3.513E+07  1.636E+00  1.811E+00
 4.00E+07  4.612E+01  1.313E+08  4.512E+07  1.648E+00  2.097E+00
 4.50E+07  4.612E+01  1.643E+08  5.635E+07  1.658E+00  2.383E+00
 5.00E+07  4.612E+01  2.010E+08  6.878E+07  1.667E+00  2.673E+00
 6.00E+07  4.612E+01  2.858E+08  9.742E+07  1.682E+00  3.255E+00
 7.00E+07  4.612E+01  3.860E+08  1.311E+08  1.695E+00  3.842E+00
 8.00E+07  4.612E+01  5.016E+08  1.698E+08  1.706E+00  4.434E+00
 9.00E+07  4.612E+01  6.325E+08  2.137E+08  1.716E+00  5.027E+00
 1.00E+08  4.612E+01  7.795E+08  2.627E+08  1.724E+00  5.623E+00
 1.25E+08  4.612E+01  1.215E+09  4.079E+08  1.742E+00  7.121E+00
 1.50E+08  4.612E+01  1.747E+09  5.855E+08  1.756E+00  8.629E+00
 1.75E+08  4.612E+01  2.377E+09  7.955E+08  1.768E+00  1.014E+01
 2.00E+08  4.612E+01  3.105E+09  1.038E+09  1.778E+00  1.166E+01
 2.50E+08  4.612E+01  4.851E+09  1.620E+09  1.794E+00  1.472E+01
 3.00E+08  4.612E+01  6.987E+09  2.332E+09  1.807E+00  1.777E+01
 3.50E+08  4.612E+01  9.513E+09  3.174E+09  1.819E+00  2.084E+01
 4.00E+08  4.612E+01  1.243E+10  4.145E+09  1.828E+00  2.391E+01
 4.50E+08  4.612E+01  1.573E+10  5.248E+09  1.837E+00  2.698E+01
 5.00E+08  4.612E+01  1.943E+10  6.480E+09  1.844E+00  3.006E+01
 6.00E+08  4.612E+01  2.799E+10  9.331E+09  1.857E+00  3.624E+01
 7.00E+08  4.612E+01  3.810E+10  1.270E+10  1.868E+00  4.241E+01
 8.00E+08  4.612E+01  4.975E+10  1.659E+10  1.878E+00  4.859E+01
 9.00E+08  4.612E+01  6.300E+10  2.100E+10  1.886E+00  5.478E+01
 1.00E+09  4.612E+01  7.780E+10  2.593E+10  1.893E+00  6.096E+01
P10  NUMBER OF INPUT ENERGIES=(106) FOR POSITRONS /.LT.180/
 1.00E+02  1.470E-01  8.400E-01  4.609E-01  2.355E+02  2.405E-05
 1.25E+02  1.615E-01  1.016E+00  5.514E-01  2.310E+02  3.471E-05
 1.50E+02  1.750E-01  1.192E+00  6.412E-01  2.228E+02  4.651E-05
 1.75E+02  1.878E-01  1.367E+00  7.308E-01  2.112E+02  5.925E-05
 2.00E+02  1.998E-01  1.542E+00  8.196E-01  1.996E+02  7.276E-05
 2.50E+02  2.225E-01  1.891E+00  9.966E-01  1.789E+02  1.017E-04
 3.00E+02  2.437E-01  2.241E+00  1.173E+00  1.619E+02  1.324E-04
 3.50E+02  2.637E-01  2.593E+00  1.350E+00  1.480E+02  1.643E-04
 4.00E+02  2.827E-01  2.947E+00  1.526E+00  1.364E+02  1.970E-04
 4.50E+02  3.010E-01  3.305E+00  1.703E+00  1.266E+02  2.301E-04
 5.00E+02  3.187E-01  3.664E+00  1.881E+00  1.183E+02  2.632E-04
 6.00E+02  3.524E-01  4.395E+00  2.238E+00  1.047E+02  3.290E-04
 7.00E+02  3.845E-01  5.143E+00  2.600E+00  9.423E+01  3.930E-04
 8.00E+02  4.152E-01  5.902E+00  2.966E+00  8.583E+01  4.542E-04
 9.00E+02  4.447E-01  6.681E+00  3.336E+00  7.893E+01  5.120E-04
 1.00E+03  4.733E-01  7.479E+00  3.714E+00  7.632E+01  5.662E-04
 1.25E+03  5.416E-01  9.543E+00  4.680E+00  6.870E+01  6.841E-04
 1.50E+03  6.065E-01  1.172E+01  5.683E+00  6.205E+01  7.959E-04
 1.75E+03  6.687E-01  1.401E+01  6.726E+00  5.647E+01  9.014E-04
 2.00E+03  7.281E-01  1.640E+01  7.810E+00  5.184E+01  1.001E-03
 2.50E+03  8.430E-01  2.152E+01  1.009E+01  4.466E+01  1.186E-03
 3.00E+03  9.530E-01  2.707E+01  1.253E+01  3.936E+01  1.355E-03
 3.50E+03  1.059E+00  3.305E+01  1.513E+01  3.528E+01  1.508E-03
 4.00E+03  1.162E+00  3.944E+01  1.788E+01  3.204E+01  1.651E-03
 4.50E+03  1.263E+00  4.622E+01  2.079E+01  2.940E+01  1.782E-03
 5.00E+03  1.362E+00  5.343E+01  2.385E+01  2.720E+01  1.905E-03
 6.00E+03  1.556E+00  6.902E+01  3.043E+01  2.374E+01  2.128E-03
 7.00E+03  1.744E+00  8.620E+01  3.759E+01  2.114E+01  2.326E-03
 8.00E+03  1.929E+00  1.049E+02  4.535E+01  1.910E+01  2.505E-03
 9.00E+03  2.111E+00  1.251E+02  5.365E+01  1.745E+01  2.667E-03
 1.00E+04  2.290E+00  1.468E+02  6.255E+01  1.610E+01  2.816E-03
 1.25E+04  2.728E+00  2.073E+02  8.714E+01  1.371E+01  3.141E-03
 1.50E+04  3.154E+00  2.766E+02  1.150E+02  1.196E+01  3.416E-03
 1.75E+04  3.572E+00  3.545E+02  1.462E+02  1.064E+01  3.655E-03
 2.00E+04  3.981E+00  4.407E+02  1.804E+02  9.618E+00  3.865E-03
 2.50E+04  4.778E+00  6.371E+02  2.578E+02  8.122E+00  4.223E-03
 3.00E+04  5.552E+00  8.640E+02  3.467E+02  7.077E+00  4.523E-03
 3.50E+04  6.300E+00  1.121E+03  4.464E+02  6.305E+00  4.781E-03
 4.00E+04  7.024E+00  1.405E+03  5.568E+02  5.708E+00  5.009E-03
 4.50E+04  7.734E+00  1.718E+03  6.767E+02  5.233E+00  5.213E-03
 5.00E+04  8.421E+00  2.057E+03  8.067E+02  4.846E+00  5.401E-03
 6.00E+04  9.739E+00  2.809E+03  1.094E+03  4.250E+00  5.734E-03
 7.00E+04  1.099E+01  3.657E+03  1.415E+03  3.814E+00  6.026E-03
 8.00E+04  1.218E+01  4.596E+03  1.768E+03  3.479E+00  6.292E-03
 9.00E+04  1.330E+01  5.619E+03  2.152E+03  3.215E+00  6.538E-03
 1.00E+05  1.437E+01  6.721E+03  2.564E+03  3.001E+00  6.774E-03
 1.25E+05  1.673E+01  9.859E+03  3.738E+03  2.610E+00  7.311E-03
 1.50E+05  1.891E+01  1.338E+04  5.032E+03  2.345E+00  7.816E-03
 1.75E+05  2.086E+01  1.727E+04  6.453E+03  2.154E+00  8.305E-03
 2.00E+05  2.261E+01  2.151E+04  7.996E+03  2.011E+00  8.787E-03
 2.50E+05  2.560E+01  3.090E+04  1.139E+04  1.811E+00  9.748E-03
 3.00E+05  2.804E+01  4.137E+04  1.514E+04  1.680E+00  1.072E-02
 3.50E+05  3.008E+01  5.276E+04  1.920E+04  1.589E+00  1.173E-02
 4.00E+05  3.180E+01  6.501E+04  2.355E+04  1.523E+00  1.277E-02
 4.50E+05  3.325E+01  7.802E+04  2.815E+04  1.473E+00  1.384E-02
 5.00E+05  3.449E+01  9.172E+04  3.300E+04  1.435E+00  1.496E-02
 6.00E+05  3.649E+01  1.212E+05  4.338E+04  1.383E+00  1.729E-02
 7.00E+05  3.802E+01  1.531E+05  5.461E+04  1.350E+00  1.974E-02
 8.00E+05  3.920E+01  1.873E+05  6.659E+04  1.328E+00  2.232E-02
 9.00E+05  4.015E+01  2.238E+05  7.935E+04  1.314E+00  2.500E-02
 1.00E+06  4.092E+01  2.625E+05  9.287E+04  1.305E+00  2.779E-02
 1.25E+06  4.229E+01  3.683E+05  1.298E+05  1.294E+00  3.517E-02
 1.50E+06  4.319E+01  4.866E+05  1.710E+05  1.294E+00  4.310E-02
 1.75E+06  4.381E+01  6.173E+05  2.165E+05  1.298E+00  5.144E-02
 2.00E+06  4.424E+01  7.601E+05  2.662E+05  1.304E+00  6.018E-02
 2.50E+06  4.482E+01  1.082E+06  3.777E+05  1.319E+00  7.857E-02
 3.00E+06  4.515E+01  1.450E+06  5.051E+05  1.334E+00  9.795E-02
 3.50E+06  4.538E+01  1.864E+06  6.485E+05  1.348E+00  1.182E-01
 4.00E+06  4.554E+01  2.322E+06  8.071E+05  1.362E+00  1.390E-01
 4.50E+06  4.564E+01  2.824E+06  9.808E+05  1.374E+00  1.605E-01
 5.00E+06  4.572E+01  3.372E+06  1.170E+06  1.386E+00  1.824E-01
 6.00E+06  4.585E+01  4.593E+06  1.591E+06  1.406E+00  2.277E-01
 7.00E+06  4.590E+01  5.982E+06  2.071E+06  1.424E+00  2.742E-01
 8.00E+06  4.596E+01  7.543E+06  2.608E+06  1.439E+00  3.221E-01
 9.00E+06  4.598E+01  9.263E+06  3.201E+06  1.453E+00  3.708E-01
 1.00E+07  4.601E+01  1.116E+07  3.852E+06  1.465E+00  4.204E-01
 1.25E+07  4.606E+01  1.656E+07  5.708E+06  1.490E+00  5.474E-01
 1.50E+07  4.606E+01  2.295E+07  7.903E+06  1.509E+00  6.777E-01
 1.75E+07  4.609E+01  3.031E+07  1.043E+07  1.525E+00  8.106E-01
 2.00E+07  4.609E+01  3.863E+07  1.328E+07  1.538E+00  9.454E-01
 2.50E+07  4.612E+01  5.812E+07  1.994E+07  1.559E+00  1.220E+00
 3.00E+07  4.612E+01  8.141E+07  2.787E+07  1.576E+00  1.499E+00
 3.50E+07  4.612E+01  1.085E+08  3.707E+07  1.590E+00  1.781E+00
 4.00E+07  4.612E+01  1.393E+08  4.752E+07  1.602E+00  2.066E+00
 4.50E+07  4.612E+01  1.739E+08  5.924E+07  1.612E+00  2.353E+00
 5.00E+07  4.612E+01  2.123E+08  7.221E+07  1.621E+00  2.642E+00
 6.00E+07  4.612E+01  3.006E+08  1.019E+08  1.636E+00  3.225E+00
 7.00E+07  4.612E+01  4.042E+08  1.368E+08  1.649E+00  3.813E+00
 8.00E+07  4.612E+01  5.234E+08  1.767E+08  1.660E+00  4.405E+00
 9.00E+07  4.612E+01  6.582E+08  2.218E+08  1.670E+00  5.000E+00
 1.00E+08  4.612E+01  8.087E+08  2.720E+08  1.678E+00  5.597E+00
 1.25E+08  4.612E+01  1.253E+09  4.202E+08  1.696E+00  7.099E+00
 1.50E+08  4.612E+01  1.795E+09  6.010E+08  1.710E+00  8.610E+00
 1.75E+08  4.612E+01  2.434E+09  8.140E+08  1.721E+00  1.013E+01
 2.00E+08  4.612E+01  3.170E+09  1.060E+09  1.731E+00  1.165E+01
 2.50E+08  4.612E+01  4.935E+09  1.648E+09  1.748E+00  1.471E+01
 3.00E+08  4.612E+01  7.092E+09  2.366E+09  1.761E+00  1.776E+01
 3.50E+08  4.612E+01  9.635E+09  3.215E+09  1.772E+00  2.084E+01
 4.00E+08  4.612E+01  1.257E+10  4.193E+09  1.782E+00  2.391E+01
 4.50E+08  4.612E+01  1.589E+10  5.300E+09  1.790E+00  2.698E+01
 5.00E+08  4.612E+01  1.961E+10  6.538E+09  1.798E+00  3.006E+01
 6.00E+08  4.612E+01  2.820E+10  9.402E+09  1.811E+00  3.623E+01
 7.00E+08  4.612E+01  3.835E+10  1.279E+10  1.822E+00  4.241E+01
 8.00E+08  4.612E+01  5.007E+10  1.669E+10  1.831E+00  4.859E+01
 9.00E+08  4.612E+01  6.335E+10  2.111E+10  1.840E+00  5.478E+01
 1.00E+09  4.612E+01  7.818E+10  2.606E+10  1.847E+00  6.096E+01
P12  NUMBER OF INPUT ENERGIES=(102) FOR PHOTONS /.LT.400/
 1.000E+03  3.693E+00  3.474E-02  5.865E+03  1.000E-35
 1.250E+03  3.550E+00  3.625E-02  3.326E+03  1.000E-35
 1.500E+03  3.402E+00  3.800E-02  2.093E+03  1.000E-35
 1.750E+03  3.253E+00  3.987E-02  1.396E+03  1.000E-35
 2.000E+03  3.106E+00  4.182E-02  9.829E+02  1.000E-35
 2.500E+03  2.822E+00  4.587E-02  5.388E+02  1.000E-35
 3.000E+03  2.562E+00  5.007E-02  3.297E+02  1.000E-35
 3.500E+03  2.330E+00  5.436E-02  2.158E+02  1.000E-35
 4.000E+03  2.125E+00  5.863E-02  1.495E+02  1.000E-35
 4.500E+03  1.945E+00  6.278E-02  1.078E+02  1.000E-35
 4.966E+03  1.798E+00  6.649E-02  8.192E+01  1.000E-35
 4.966E+03  1.798E+00  6.649E-02  6.859E+02  1.000E-35
 5.000E+03  1.788E+00  6.675E-02  6.820E+02  1.000E-35
 6.000E+03  1.529E+00  7.403E-02  4.308E+02  1.000E-35
 7.000E+03  1.327E+00  8.045E-02  2.816E+02  1.000E-35
 8.000E+03  1.165E+00  8.611E-02  2.011E+02  1.000E-35
 9.000E+03  1.034E+00  9.111E-02  1.469E+02  1.000E-35
 1.000E+04  9.252E-01  9.557E-02  1.097E+02  1.000E-35
 1.250E+04  7.211E-01  1.048E-01  5.884E+01  1.000E-35
 1.500E+04  5.790E-01  1.118E-01  3.518E+01  1.000E-35
 1.750E+04  4.749E-01  1.173E-01  2.260E+01  1.000E-35
 2.000E+04  3.958E-01  1.216E-01  1.533E+01  1.000E-35
 2.500E+04  2.856E-01  1.278E-01  7.956E+00  1.000E-35
 3.000E+04  2.146E-01  1.318E-01  4.624E+00  1.000E-35
 3.500E+04  1.676E-01  1.344E-01  2.908E+00  1.000E-35
 4.000E+04  1.355E-01  1.360E-01  1.941E+00  1.000E-35
 4.500E+04  1.121E-01  1.369E-01  1.356E+00  1.000E-35
 5.000E+04  9.437E-02  1.373E-01  9.821E-01  1.000E-35
 6.000E+04  6.951E-02  1.370E-01  5.601E-01  1.000E-35
 7.000E+04  5.326E-02  1.358E-01  3.476E-01  1.000E-35
 8.000E+04  4.207E-02  1.342E-01  2.295E-01  1.000E-35
 9.000E+04  3.403E-02  1.322E-01  1.590E-01  1.000E-35
 1.000E+05  2.809E-02  1.301E-01  1.144E-01  1.000E-35
 1.250E+05  1.858E-02  1.248E-01  5.698E-02  1.000E-35
 1.500E+05  1.319E-02  1.197E-01  3.229E-02  1.000E-35
 1.750E+05  9.841E-03  1.150E-01  2.002E-02  1.000E-35
 2.000E+05  7.621E-03  1.107E-01  1.327E-02  1.000E-35
 2.500E+05  4.952E-03  1.032E-01  6.735E-03  1.000E-35
 3.000E+05  3.471E-03  9.696E-02  3.918E-03  1.000E-35
 3.500E+05  2.566E-03  9.168E-02  2.506E-03  1.000E-35
 4.000E+05  1.973E-03  8.715E-02  1.719E-03  1.000E-35
 4.500E+05  1.563E-03  8.319E-02  1.244E-03  1.000E-35
 5.000E+05  1.269E-03  7.970E-02  9.398E-04  1.000E-35
 6.000E+05  8.837E-04  7.380E-02  5.901E-04  1.000E-35
 7.000E+05  6.504E-04  6.896E-02  4.048E-04  1.000E-35
 8.000E+05  4.985E-04  6.489E-02  3.000E-04  1.000E-35
 9.000E+05  3.942E-04  6.140E-02  2.357E-04  1.000E-35
 1.000E+06  3.195E-04  5.837E-02  1.865E-04  1.000E-35
 1.022E+06  3.059E-04  5.775E-02  1.768E-04  1.000E-35
 1.250E+06  2.047E-04  5.220E-02  1.197E-04  5.568E-05
 1.500E+06  1.422E-04  4.744E-02  8.642E-05  2.895E-04
 1.750E+06  1.045E-04  4.363E-02  6.639E-05  6.619E-04
 2.000E+06  8.002E-05  4.049E-02  5.347E-05  1.124E-03
 2.044E+06  7.662E-05  3.999E-02  5.166E-05  1.211E-03
 2.500E+06  5.123E-05  3.556E-02  3.797E-05  2.137E-03
 3.000E+06  3.558E-05  3.185E-02  2.918E-05  3.146E-03
 3.500E+06  2.614E-05  2.892E-02  2.358E-05  4.131E-03
 4.000E+06  2.002E-05  2.656E-02  1.972E-05  5.074E-03
 4.500E+06  1.581E-05  2.459E-02  1.692E-05  5.960E-03
 5.000E+06  1.281E-05  2.293E-02  1.480E-05  6.796E-03
 6.000E+06  8.896E-06  2.026E-02  1.181E-05  8.343E-03
 7.000E+06  6.536E-06  1.821E-02  9.807E-06  9.722E-03
 8.000E+06  5.004E-06  1.657E-02  8.378E-06  1.097E-02
 9.000E+06  3.954E-06  1.523E-02  7.308E-06  1.210E-02
 1.000E+07  3.203E-06  1.411E-02  6.479E-06  1.311E-02
 1.100E+07  2.647E-06  1.316E-02  5.816E-06  1.405E-02
 1.200E+07  2.224E-06  1.234E-02  5.276E-06  1.490E-02
 1.300E+07  1.895E-06  1.162E-02  4.827E-06  1.571E-02
 1.400E+07  1.634E-06  1.099E-02  4.447E-06  1.643E-02
 1.500E+07  1.423E-06  1.043E-02  4.123E-06  1.713E-02
 1.600E+07  1.251E-06  9.936E-03  3.842E-06  1.778E-02
 1.800E+07  9.885E-07  9.079E-03  3.382E-06  1.896E-02
 2.000E+07  8.007E-07  8.370E-03  3.020E-06  2.003E-02
 2.200E+07  6.617E-07  7.772E-03  2.728E-06  2.098E-02
 2.400E+07  5.560E-07  7.261E-03  2.487E-06  2.186E-02
 2.600E+07  4.738E-07  6.818E-03  2.285E-06  2.265E-02
 2.800E+07  4.085E-07  6.430E-03  2.113E-06  2.340E-02
 3.000E+07  3.559E-07  6.087E-03  1.966E-06  2.407E-02
 3.500E+07  2.615E-07  5.381E-03  1.674E-06  2.558E-02
 4.000E+07  2.002E-07  4.832E-03  1.456E-06  2.687E-02
 4.500E+07  1.582E-07  4.392E-03  1.289E-06  2.798E-02
 5.000E+07  1.281E-07  4.031E-03  1.157E-06  2.894E-02
 6.000E+07  8.897E-08  3.471E-03  9.592E-07  3.057E-02
 7.000E+07  6.536E-08  3.055E-03  8.192E-07  3.190E-02
 8.000E+07  5.004E-08  2.734E-03  7.149E-07  3.301E-02
 9.000E+07  3.954E-08  2.478E-03  6.341E-07  3.396E-02
 1.000E+08  3.203E-08  2.269E-03  5.698E-07  3.477E-02
 1.250E+08  2.050E-08  1.879E-03  4.545E-07  3.639E-02
 1.500E+08  1.423E-08  1.610E-03  3.780E-07  3.761E-02
 1.750E+08  1.046E-08  1.412E-03  3.235E-07  3.857E-02
 2.000E+08  8.007E-09  1.259E-03  2.827E-07  3.935E-02
 2.500E+08  5.125E-09  1.039E-03  2.259E-07  4.053E-02
 3.000E+08  3.559E-09  8.879E-04  1.880E-07  4.140E-02
 3.500E+08  2.615E-09  7.768E-04  1.611E-07  4.207E-02
 4.000E+08  2.002E-09  6.916E-04  1.409E-07  4.261E-02
 4.500E+08  1.582E-09  6.241E-04  1.252E-07  4.304E-02
 5.000E+08  1.281E-09  5.692E-04  1.126E-07  4.341E-02
 6.000E+08  8.897E-10  4.851E-04  9.379E-08  4.399E-02
 7.000E+08  6.536E-10  4.237E-04  8.036E-08  4.443E-02
 8.000E+08  5.004E-10  3.766E-04  7.030E-08  4.477E-02
 9.000E+08  3.954E-10  3.394E-04  6.248E-08  4.505E-02
 1.000E+09  3.203E-10  3.092E-04  5.622E-08  4.528E-02
