P1   MATERIAL:(TissueICRU                                -DBASE)
P2   MASS DENSITY=( 1.0000E+00) g/cm**3
P3   NUMBER OF ELEMENTS IN THE MOLECULE=( 4) /.LE.15/
P4+  ATOMIC NUMBER=( 1),ATOMS/MOLECULE=( 5.407610E+01)
P4+  ATOMIC NUMBER=( 6),ATOMS/MOLECULE=( 4.978590E+00)
P4+  ATOMIC NUMBER=( 7),ATOMS/MOLECULE=( 1.000000E+00)
P4+  ATOMIC NUMBER=( 8),ATOMS/MOLECULE=( 2.565170E+01)
P5   MEAN EXCITATION ENERGY=(   74.90) eV
P6   NUMBER OF OSCILLATORS=( 7) /.LE.30/
P7+  ( 1.991436E+01, 1.100000E+01, 6.460E-01, 0) OSCILLATOR DATA
P7+  ( 1.596829E+02, 1.400000E+01, 5.201E-01, 0) OSCILLATOR DATA
P7+  ( 2.000000E+00, 1.500000E+01, 6.720E-01, 0) OSCILLATOR DATA
P7+  ( 5.130340E+01, 2.400000E+01, 5.790E-01, 0) OSCILLATOR DATA
P7+  ( 9.957180E+00, 2.850000E+02, 1.530E-01, 0) OSCILLATOR DATA
P7+  ( 2.000000E+00, 4.100000E+02, 1.300E-01, 7) OSCILLATOR DATA
P7+  ( 5.130340E+01, 5.430000E+02, 1.130E-01, 8) OSCILLATOR DATA
P8   NUMBER OF INPUT ENERGIES=(106) FOR ELECTRONS /.LT.180/
 1.00E+02  9.373E-02  1.726E-01  1.821E-01  4.154E+02  6.236E-04
 1.25E+02  1.107E-01  2.266E-01  2.202E-01  3.917E+02  7.385E-04
 1.50E+02  1.264E-01  2.855E-01  2.577E-01  3.669E+02  8.480E-04
 1.75E+02  1.412E-01  3.494E-01  2.957E-01  3.435E+02  9.523E-04
 2.00E+02  1.553E-01  4.178E-01  3.346E-01  3.225E+02  1.053E-03
 2.50E+02  1.818E-01  5.681E-01  4.165E-01  2.874E+02  1.242E-03
 3.00E+02  2.070E-01  7.356E-01  5.044E-01  2.596E+02  1.416E-03
 3.50E+02  2.309E-01  9.196E-01  5.984E-01  2.371E+02  1.578E-03
 4.00E+02  2.543E-01  1.120E+00  6.987E-01  2.186E+02  1.727E-03
 4.50E+02  2.770E-01  1.336E+00  8.052E-01  2.030E+02  1.865E-03
 5.00E+02  2.994E-01  1.567E+00  9.179E-01  1.898E+02  1.992E-03
 6.00E+02  3.432E-01  2.077E+00  1.162E+00  1.684E+02  2.216E-03
 7.00E+02  3.862E-01  2.645E+00  1.429E+00  1.524E+02  2.405E-03
 8.00E+02  4.287E-01  3.272E+00  1.721E+00  1.393E+02  2.560E-03
 9.00E+02  4.708E-01  3.956E+00  2.034E+00  1.284E+02  2.688E-03
 1.00E+03  5.125E-01  4.697E+00  2.371E+00  1.194E+02  2.791E-03
 1.25E+03  6.162E-01  6.790E+00  3.310E+00  1.030E+02  2.958E-03
 1.50E+03  7.190E-01  9.221E+00  4.384E+00  9.167E+01  3.083E-03
 1.75E+03  8.214E-01  1.198E+01  5.587E+00  8.241E+01  3.180E-03
 2.00E+03  9.233E-01  1.506E+01  6.919E+00  7.496E+01  3.258E-03
 2.50E+03  1.127E+00  2.215E+01  9.950E+00  6.379E+01  3.375E-03
 3.00E+03  1.329E+00  3.045E+01  1.346E+01  5.590E+01  3.463E-03
 3.50E+03  1.530E+00  3.993E+01  1.743E+01  4.989E+01  3.526E-03
 4.00E+03  1.731E+00  5.056E+01  2.186E+01  4.516E+01  3.577E-03
 4.50E+03  1.932E+00  6.232E+01  2.672E+01  4.132E+01  3.617E-03
 5.00E+03  2.131E+00  7.517E+01  3.201E+01  3.815E+01  3.649E-03
 6.00E+03  2.529E+00  1.041E+02  4.384E+01  3.320E+01  3.699E-03
 7.00E+03  2.923E+00  1.373E+02  5.730E+01  2.949E+01  3.733E-03
 8.00E+03  3.316E+00  1.745E+02  7.234E+01  2.660E+01  3.761E-03
 9.00E+03  3.707E+00  2.157E+02  8.890E+01  2.429E+01  3.780E-03
 1.00E+04  4.096E+00  2.609E+02  1.069E+02  2.238E+01  3.796E-03
 1.25E+04  5.057E+00  3.904E+02  1.584E+02  1.881E+01  3.822E-03
 1.50E+04  6.004E+00  5.428E+02  2.186E+02  1.633E+01  3.838E-03
 1.75E+04  6.938E+00  7.173E+02  2.873E+02  1.448E+01  3.848E-03
 2.00E+04  7.859E+00  9.134E+02  3.638E+02  1.306E+01  3.855E-03
 2.50E+04  9.664E+00  1.367E+03  5.400E+02  1.100E+01  3.866E-03
 3.00E+04  1.142E+01  1.899E+03  7.454E+02  9.566E+00  3.875E-03
 3.50E+04  1.313E+01  2.506E+03  9.786E+02  8.514E+00  3.886E-03
 4.00E+04  1.479E+01  3.187E+03  1.238E+03  7.706E+00  3.898E-03
 4.50E+04  1.640E+01  3.935E+03  1.523E+03  7.065E+00  3.909E-03
 5.00E+04  1.797E+01  4.750E+03  1.832E+03  6.543E+00  3.924E-03
 6.00E+04  2.100E+01  6.569E+03  2.519E+03  5.743E+00  3.954E-03
 7.00E+04  2.386E+01  8.629E+03  3.292E+03  5.159E+00  3.989E-03
 8.00E+04  2.658E+01  1.091E+04  4.146E+03  4.713E+00  4.028E-03
 9.00E+04  2.917E+01  1.341E+04  5.075E+03  4.361E+00  4.071E-03
 1.00E+05  3.163E+01  1.610E+04  6.073E+03  4.077E+00  4.116E-03
 1.25E+05  3.739E+01  2.375E+04  8.893E+03  3.558E+00  4.241E-03
 1.50E+05  4.242E+01  3.236E+04  1.205E+04  3.207E+00  4.377E-03
 1.75E+05  4.691E+01  4.190E+04  1.553E+04  2.956E+00  4.523E-03
 2.00E+05  5.093E+01  5.229E+04  1.929E+04  2.767E+00  4.678E-03
 2.50E+05  5.781E+01  7.534E+04  2.761E+04  2.504E+00  5.010E-03
 3.00E+05  6.347E+01  1.010E+05  3.683E+04  2.333E+00  5.372E-03
 3.50E+05  6.818E+01  1.291E+05  4.685E+04  2.214E+00  5.765E-03
 4.00E+05  7.212E+01  1.592E+05  5.758E+04  2.128E+00  6.181E-03
 4.50E+05  7.546E+01  1.913E+05  6.897E+04  2.064E+00  6.618E-03
 5.00E+05  7.831E+01  2.253E+05  8.098E+04  2.014E+00  7.076E-03
 6.00E+05  8.293E+01  2.981E+05  1.067E+05  1.944E+00  8.052E-03
 7.00E+05  8.644E+01  3.774E+05  1.347E+05  1.898E+00  9.084E-03
 8.00E+05  8.920E+01  4.626E+05  1.646E+05  1.868E+00  1.017E-02
 9.00E+05  9.135E+01  5.535E+05  1.966E+05  1.846E+00  1.131E-02
 1.00E+06  9.313E+01  6.500E+05  2.305E+05  1.831E+00  1.249E-02
 1.25E+06  9.631E+01  9.149E+05  3.232E+05  1.811E+00  1.562E-02
 1.50E+06  9.835E+01  1.213E+06  4.273E+05  1.804E+00  1.896E-02
 1.75E+06  9.978E+01  1.542E+06  5.424E+05  1.803E+00  2.248E-02
 2.00E+06  1.008E+02  1.904E+06  6.685E+05  1.806E+00  2.615E-02
 2.50E+06  1.021E+02  2.717E+06  9.525E+05  1.816E+00  3.387E-02
 3.00E+06  1.029E+02  3.654E+06  1.278E+06  1.828E+00  4.198E-02
 3.50E+06  1.034E+02  4.708E+06  1.644E+06  1.840E+00  5.044E-02
 4.00E+06  1.038E+02  5.879E+06  2.052E+06  1.852E+00  5.918E-02
 4.50E+06  1.040E+02  7.166E+06  2.497E+06  1.864E+00  6.817E-02
 5.00E+06  1.042E+02  8.566E+06  2.983E+06  1.874E+00  7.737E-02
 6.00E+06  1.045E+02  1.170E+07  4.071E+06  1.893E+00  9.629E-02
 7.00E+06  1.046E+02  1.528E+07  5.310E+06  1.910E+00  1.159E-01
 8.00E+06  1.047E+02  1.929E+07  6.699E+06  1.925E+00  1.359E-01
 9.00E+06  1.048E+02  2.373E+07  8.235E+06  1.938E+00  1.565E-01
 1.00E+07  1.049E+02  2.861E+07  9.916E+06  1.950E+00  1.774E-01
 1.25E+07  1.050E+02  4.260E+07  1.475E+07  1.975E+00  2.310E-01
 1.50E+07  1.050E+02  5.917E+07  2.047E+07  1.996E+00  2.861E-01
 1.75E+07  1.051E+02  7.827E+07  2.705E+07  2.013E+00  3.424E-01
 2.00E+07  1.051E+02  9.989E+07  3.447E+07  2.027E+00  3.997E-01
 2.50E+07  1.051E+02  1.505E+08  5.186E+07  2.051E+00  5.160E-01
 3.00E+07  1.051E+02  2.109E+08  7.257E+07  2.070E+00  6.346E-01
 3.50E+07  1.051E+02  2.811E+08  9.659E+07  2.085E+00  7.549E-01
 4.00E+07  1.051E+02  3.610E+08  1.239E+08  2.098E+00  8.762E-01
 4.50E+07  1.051E+02  4.506E+08  1.544E+08  2.110E+00  9.984E-01
 5.00E+07  1.051E+02  5.499E+08  1.882E+08  2.120E+00  1.122E+00
 6.00E+07  1.051E+02  7.781E+08  2.656E+08  2.136E+00  1.370E+00
 7.00E+07  1.051E+02  1.046E+09  3.560E+08  2.150E+00  1.621E+00
 8.00E+07  1.051E+02  1.353E+09  4.596E+08  2.162E+00  1.873E+00
 9.00E+07  1.051E+02  1.701E+09  5.764E+08  2.173E+00  2.127E+00
 1.00E+08  1.051E+02  2.089E+09  7.066E+08  2.182E+00  2.382E+00
 1.25E+08  1.051E+02  3.237E+09  1.091E+09  2.201E+00  3.023E+00
 1.50E+08  1.051E+02  4.641E+09  1.559E+09  2.217E+00  3.669E+00
 1.75E+08  1.051E+02  6.299E+09  2.113E+09  2.230E+00  4.318E+00
 2.00E+08  1.051E+02  8.214E+09  2.752E+09  2.242E+00  4.971E+00
 2.50E+08  1.051E+02  1.281E+10  4.283E+09  2.261E+00  6.280E+00
 3.00E+08  1.051E+02  1.843E+10  6.154E+09  2.276E+00  7.596E+00
 3.50E+08  1.051E+02  2.506E+10  8.366E+09  2.289E+00  8.916E+00
 4.00E+08  1.051E+02  3.271E+10  1.092E+10  2.301E+00  1.024E+01
 4.50E+08  1.051E+02  4.139E+10  1.381E+10  2.311E+00  1.156E+01
 5.00E+08  1.051E+02  5.110E+10  1.704E+10  2.320E+00  1.289E+01
 6.00E+08  1.051E+02  7.355E+10  2.454E+10  2.335E+00  1.555E+01
 7.00E+08  1.051E+02  1.001E+11  3.338E+10  2.348E+00  1.822E+01
 8.00E+08  1.051E+02  1.307E+11  4.359E+10  2.359E+00  2.089E+01
 9.00E+08  1.051E+02  1.654E+11  5.516E+10  2.369E+00  2.356E+01
 1.00E+09  1.051E+02  2.042E+11  6.810E+10  2.378E+00  2.624E+01
P10  NUMBER OF INPUT ENERGIES=(106) FOR POSITRONS /.LT.180/
 1.00E+02  1.625E-01  5.611E-01  3.163E-01  5.411E+02  8.082E-05
 1.25E+02  1.807E-01  6.895E-01  3.811E-01  5.005E+02  1.041E-04
 1.50E+02  1.979E-01  8.213E-01  4.467E-01  4.620E+02  1.278E-04
 1.75E+02  2.142E-01  9.567E-01  5.134E-01  4.280E+02  1.518E-04
 2.00E+02  2.298E-01  1.096E+00  5.813E-01  3.985E+02  1.761E-04
 2.50E+02  2.594E-01  1.385E+00  7.208E-01  3.506E+02  2.248E-04
 3.00E+02  2.876E-01  1.689E+00  8.655E-01  3.136E+02  2.733E-04
 3.50E+02  3.146E-01  2.009E+00  1.016E+00  2.842E+02  3.210E-04
 4.00E+02  3.407E-01  2.344E+00  1.172E+00  2.604E+02  3.676E-04
 4.50E+02  3.662E-01  2.694E+00  1.334E+00  2.406E+02  4.127E-04
 5.00E+02  3.911E-01  3.059E+00  1.501E+00  2.238E+02  4.563E-04
 6.00E+02  4.397E-01  3.834E+00  1.853E+00  1.971E+02  5.381E-04
 7.00E+02  4.870E-01  4.667E+00  2.227E+00  1.773E+02  6.125E-04
 8.00E+02  5.332E-01  5.558E+00  2.623E+00  1.614E+02  6.794E-04
 9.00E+02  5.786E-01  6.504E+00  3.043E+00  1.482E+02  7.389E-04
 1.00E+03  6.236E-01  7.508E+00  3.484E+00  1.374E+02  7.914E-04
 1.25E+03  7.336E-01  1.025E+01  4.681E+00  1.178E+02  8.944E-04
 1.50E+03  8.418E-01  1.333E+01  6.008E+00  1.045E+02  9.814E-04
 1.75E+03  9.486E-01  1.674E+01  7.464E+00  9.376E+01  1.057E-03
 2.00E+03  1.054E+00  2.046E+01  9.046E+00  8.517E+01  1.123E-03
 2.50E+03  1.263E+00  2.884E+01  1.257E+01  7.226E+01  1.235E-03
 3.00E+03  1.470E+00  3.842E+01  1.658E+01  6.301E+01  1.330E-03
 3.50E+03  1.675E+00  4.918E+01  2.104E+01  5.603E+01  1.409E-03
 4.00E+03  1.879E+00  6.108E+01  2.595E+01  5.056E+01  1.479E-03
 4.50E+03  2.082E+00  7.411E+01  3.129E+01  4.615E+01  1.541E-03
 5.00E+03  2.283E+00  8.825E+01  3.707E+01  4.251E+01  1.596E-03
 6.00E+03  2.684E+00  1.198E+02  4.987E+01  3.685E+01  1.692E-03
 7.00E+03  3.082E+00  1.555E+02  6.430E+01  3.263E+01  1.773E-03
 8.00E+03  3.477E+00  1.954E+02  8.031E+01  2.935E+01  1.844E-03
 9.00E+03  3.870E+00  2.393E+02  9.785E+01  2.673E+01  1.905E-03
 1.00E+04  4.260E+00  2.871E+02  1.169E+02  2.457E+01  1.961E-03
 1.25E+04  5.224E+00  4.234E+02  1.710E+02  2.056E+01  2.076E-03
 1.50E+04  6.175E+00  5.831E+02  2.338E+02  1.778E+01  2.171E-03
 1.75E+04  7.111E+00  7.650E+02  3.051E+02  1.572E+01  2.250E-03
 2.00E+04  8.035E+00  9.688E+02  3.846E+02  1.413E+01  2.318E-03
 2.50E+04  9.842E+00  1.440E+03  5.670E+02  1.184E+01  2.432E-03
 3.00E+04  1.160E+01  1.991E+03  7.791E+02  1.026E+01  2.524E-03
 3.50E+04  1.331E+01  2.619E+03  1.020E+03  9.098E+00  2.605E-03
 4.00E+04  1.497E+01  3.320E+03  1.287E+03  8.207E+00  2.676E-03
 4.50E+04  1.659E+01  4.092E+03  1.580E+03  7.502E+00  2.740E-03
 5.00E+04  1.816E+01  4.932E+03  1.899E+03  6.929E+00  2.799E-03
 6.00E+04  2.119E+01  6.809E+03  2.605E+03  6.053E+00  2.904E-03
 7.00E+04  2.405E+01  8.931E+03  3.401E+03  5.414E+00  2.999E-03
 8.00E+04  2.679E+01  1.129E+04  4.279E+03  4.928E+00  3.088E-03
 9.00E+04  2.937E+01  1.386E+04  5.235E+03  4.544E+00  3.171E-03
 1.00E+05  3.184E+01  1.664E+04  6.262E+03  4.234E+00  3.252E-03
 1.25E+05  3.739E+01  2.442E+04  9.129E+03  3.670E+00  3.445E-03
 1.50E+05  4.242E+01  3.329E+04  1.237E+04  3.289E+00  3.629E-03
 1.75E+05  4.691E+01  4.312E+04  1.594E+04  3.016E+00  3.812E-03
 2.00E+05  5.093E+01  5.384E+04  1.981E+04  2.811E+00  3.995E-03
 2.50E+05  5.781E+01  7.762E+04  2.835E+04  2.527E+00  4.366E-03
 3.00E+05  6.347E+01  1.042E+05  3.785E+04  2.341E+00  4.752E-03
 3.50E+05  6.818E+01  1.331E+05  4.816E+04  2.211E+00  5.159E-03
 4.00E+05  7.212E+01  1.643E+05  5.921E+04  2.118E+00  5.583E-03
 4.50E+05  7.546E+01  1.974E+05  7.093E+04  2.048E+00  6.024E-03
 5.00E+05  7.831E+01  2.325E+05  8.329E+04  1.994E+00  6.482E-03
 6.00E+05  8.293E+01  3.078E+05  1.098E+05  1.918E+00  7.451E-03
 7.00E+05  8.644E+01  3.896E+05  1.385E+05  1.868E+00  8.472E-03
 8.00E+05  8.920E+01  4.776E+05  1.693E+05  1.834E+00  9.545E-03
 9.00E+05  9.135E+01  5.715E+05  2.021E+05  1.810E+00  1.067E-02
 1.00E+06  9.313E+01  6.710E+05  2.369E+05  1.793E+00  1.183E-02
 1.25E+06  9.631E+01  9.442E+05  3.322E+05  1.769E+00  1.492E-02
 1.50E+06  9.835E+01  1.251E+06  4.390E+05  1.760E+00  1.822E-02
 1.75E+06  9.978E+01  1.590E+06  5.570E+05  1.758E+00  2.170E-02
 2.00E+06  1.008E+02  1.962E+06  6.861E+05  1.759E+00  2.533E-02
 2.50E+06  1.021E+02  2.799E+06  9.770E+05  1.767E+00  3.298E-02
 3.00E+06  1.029E+02  3.760E+06  1.310E+06  1.779E+00  4.104E-02
 3.50E+06  1.034E+02  4.843E+06  1.685E+06  1.790E+00  4.945E-02
 4.00E+06  1.038E+02  6.045E+06  2.101E+06  1.801E+00  5.815E-02
 4.50E+06  1.040E+02  7.364E+06  2.558E+06  1.812E+00  6.711E-02
 5.00E+06  1.042E+02  8.798E+06  3.053E+06  1.822E+00  7.629E-02
 6.00E+06  1.045E+02  1.199E+07  4.155E+06  1.841E+00  9.519E-02
 7.00E+06  1.046E+02  1.568E+07  5.428E+06  1.857E+00  1.147E-01
 8.00E+06  1.047E+02  1.979E+07  6.845E+06  1.872E+00  1.348E-01
 9.00E+06  1.048E+02  2.434E+07  8.411E+06  1.885E+00  1.554E-01
 1.00E+07  1.049E+02  2.931E+07  1.013E+07  1.897E+00  1.763E-01
 1.25E+07  1.050E+02  4.362E+07  1.505E+07  1.921E+00  2.299E-01
 1.50E+07  1.050E+02  6.055E+07  2.087E+07  1.942E+00  2.851E-01
 1.75E+07  1.051E+02  8.005E+07  2.757E+07  1.959E+00  3.415E-01
 2.00E+07  1.051E+02  1.021E+08  3.513E+07  1.973E+00  3.989E-01
 2.50E+07  1.051E+02  1.537E+08  5.282E+07  1.997E+00  5.154E-01
 3.00E+07  1.051E+02  2.154E+08  7.386E+07  2.015E+00  6.341E-01
 3.50E+07  1.051E+02  2.867E+08  9.825E+07  2.031E+00  7.545E-01
 4.00E+07  1.051E+02  3.681E+08  1.259E+08  2.044E+00  8.759E-01
 4.50E+07  1.051E+02  4.591E+08  1.569E+08  2.055E+00  9.982E-01
 5.00E+07  1.051E+02  5.601E+08  1.912E+08  2.065E+00  1.121E+00
 6.00E+07  1.051E+02  7.916E+08  2.695E+08  2.081E+00  1.370E+00
 7.00E+07  1.051E+02  1.063E+09  3.612E+08  2.095E+00  1.621E+00
 8.00E+07  1.051E+02  1.374E+09  4.660E+08  2.107E+00  1.873E+00
 9.00E+07  1.051E+02  1.726E+09  5.840E+08  2.118E+00  2.127E+00
 1.00E+08  1.051E+02  2.117E+09  7.155E+08  2.127E+00  2.382E+00
 1.25E+08  1.051E+02  3.275E+09  1.103E+09  2.146E+00  3.023E+00
 1.50E+08  1.051E+02  4.688E+09  1.575E+09  2.162E+00  3.669E+00
 1.75E+08  1.051E+02  6.356E+09  2.131E+09  2.175E+00  4.318E+00
 2.00E+08  1.051E+02  8.279E+09  2.771E+09  2.187E+00  4.971E+00
 2.50E+08  1.051E+02  1.289E+10  4.310E+09  2.206E+00  6.280E+00
 3.00E+08  1.051E+02  1.852E+10  6.187E+09  2.221E+00  7.596E+00
 3.50E+08  1.051E+02  2.518E+10  8.404E+09  2.234E+00  8.916E+00
 4.00E+08  1.051E+02  3.284E+10  1.096E+10  2.245E+00  1.024E+01
 4.50E+08  1.051E+02  4.154E+10  1.386E+10  2.255E+00  1.156E+01
 5.00E+08  1.051E+02  5.125E+10  1.710E+10  2.264E+00  1.289E+01
 6.00E+08  1.051E+02  7.374E+10  2.459E+10  2.280E+00  1.555E+01
 7.00E+08  1.051E+02  1.003E+11  3.345E+10  2.293E+00  1.822E+01
 8.00E+08  1.051E+02  1.309E+11  4.366E+10  2.304E+00  2.089E+01
 9.00E+08  1.051E+02  1.657E+11  5.524E+10  2.314E+00  2.356E+01
 1.00E+09  1.051E+02  2.045E+11  6.818E+10  2.323E+00  2.624E+01
P12  NUMBER OF INPUT ENERGIES=(100) FOR PHOTONS /.LT.400/
 1.000E+03  1.335E+00  1.072E-02  3.828E+03  9.581E-37
 1.250E+03  1.286E+00  1.917E-02  2.108E+03  9.581E-37
 1.500E+03  1.231E+00  2.831E-02  1.285E+03  9.581E-37
 1.750E+03  1.172E+00  3.756E-02  8.374E+02  9.581E-37
 2.000E+03  1.110E+00  4.658E-02  5.744E+02  9.581E-37
 2.500E+03  9.868E-01  6.334E-02  3.031E+02  9.581E-37
 3.000E+03  8.701E-01  7.803E-02  1.783E+02  9.581E-37
 3.500E+03  7.653E-01  9.063E-02  1.132E+02  9.581E-37
 4.000E+03  6.740E-01  1.014E-01  7.604E+01  9.581E-37
 4.500E+03  5.960E-01  1.105E-01  5.340E+01  9.581E-37
 5.000E+03  5.298E-01  1.183E-01  3.884E+01  9.581E-37
 6.000E+03  4.264E-01  1.307E-01  2.227E+01  9.581E-37
 7.000E+03  3.514E-01  1.401E-01  1.386E+01  9.581E-37
 8.000E+03  2.959E-01  1.473E-01  9.166E+00  9.581E-37
 9.000E+03  2.536E-01  1.530E-01  6.350E+00  9.581E-37
 1.000E+04  2.207E-01  1.577E-01  4.564E+00  9.581E-37
 1.250E+04  1.639E-01  1.664E-01  2.255E+00  9.581E-37
 1.500E+04  1.279E-01  1.724E-01  1.262E+00  9.581E-37
 1.750E+04  1.031E-01  1.766E-01  7.698E-01  9.581E-37
 2.000E+04  8.497E-02  1.795E-01  5.006E-01  9.581E-37
 2.500E+04  6.047E-02  1.829E-01  2.428E-01  9.581E-37
 3.000E+04  4.505E-02  1.840E-01  1.340E-01  9.581E-37
 3.500E+04  3.477E-02  1.839E-01  8.088E-02  9.581E-37
 4.000E+04  2.761E-02  1.831E-01  5.217E-02  9.581E-37
 4.500E+04  2.244E-02  1.817E-01  3.541E-02  9.581E-37
 5.000E+04  1.860E-02  1.801E-01  2.502E-02  9.581E-37
 6.000E+04  1.337E-02  1.764E-01  1.370E-02  9.581E-37
 7.000E+04  1.006E-02  1.726E-01  8.229E-03  9.581E-37
 8.000E+04  7.842E-03  1.688E-01  5.292E-03  9.581E-37
 9.000E+04  6.279E-03  1.651E-01  3.586E-03  9.581E-37
 1.000E+05  5.138E-03  1.615E-01  2.533E-03  9.581E-37
 1.250E+05  3.344E-03  1.533E-01  1.216E-03  9.581E-37
 1.500E+05  2.345E-03  1.461E-01  6.697E-04  9.581E-37
 1.750E+05  1.733E-03  1.398E-01  4.062E-04  9.581E-37
 2.000E+05  1.333E-03  1.342E-01  2.645E-04  9.581E-37
 2.500E+05  8.570E-04  1.246E-01  1.308E-04  9.581E-37
 3.000E+05  5.968E-04  1.169E-01  7.473E-05  9.581E-37
 3.500E+05  4.392E-04  1.103E-01  4.714E-05  9.581E-37
 4.000E+05  3.366E-04  1.047E-01  3.199E-05  9.581E-37
 4.500E+05  2.662E-04  9.992E-02  2.295E-05  9.581E-37
 5.000E+05  2.157E-04  9.568E-02  1.724E-05  9.581E-37
 6.000E+05  1.499E-04  8.852E-02  1.074E-05  9.581E-37
 7.000E+05  1.102E-04  8.267E-02  7.253E-06  9.581E-37
 8.000E+05  8.438E-05  7.778E-02  5.419E-06  9.581E-37
 9.000E+05  6.668E-05  7.358E-02  4.381E-06  9.581E-37
 1.000E+06  5.402E-05  6.992E-02  3.369E-06  9.581E-37
 1.022E+06  5.172E-05  6.918E-02  3.138E-06  9.581E-37
 1.250E+06  3.458E-05  6.251E-02  2.130E-06  1.730E-05
 1.500E+06  2.402E-05  5.680E-02  1.546E-06  9.568E-05
 1.750E+06  1.765E-05  5.223E-02  1.195E-06  2.234E-04
 2.000E+06  1.351E-05  4.846E-02  9.725E-07  3.809E-04
 2.044E+06  1.294E-05  4.786E-02  9.407E-07  4.104E-04
 2.500E+06  8.648E-06  4.255E-02  6.996E-07  7.336E-04
 3.000E+06  6.005E-06  3.810E-02  5.434E-07  1.102E-03
 3.500E+06  4.412E-06  3.461E-02  4.429E-07  1.468E-03
 4.000E+06  3.378E-06  3.177E-02  3.730E-07  1.821E-03
 4.500E+06  2.669E-06  2.942E-02  3.219E-07  2.157E-03
 5.000E+06  2.162E-06  2.743E-02  2.829E-07  2.478E-03
 6.000E+06  1.501E-06  2.424E-02  2.274E-07  3.079E-03
 7.000E+06  1.103E-06  2.179E-02  1.900E-07  3.620E-03
 8.000E+06  8.445E-07  1.983E-02  1.630E-07  4.110E-03
 9.000E+06  6.673E-07  1.822E-02  1.427E-07  4.561E-03
 1.000E+07  5.405E-07  1.688E-02  1.269E-07  4.970E-03
 1.100E+07  4.467E-07  1.574E-02  1.142E-07  5.345E-03
 1.200E+07  3.753E-07  1.476E-02  1.038E-07  5.691E-03
 1.300E+07  3.198E-07  1.391E-02  9.518E-08  6.014E-03
 1.400E+07  2.758E-07  1.315E-02  8.783E-08  6.315E-03
 1.500E+07  2.402E-07  1.249E-02  8.156E-08  6.596E-03
 1.600E+07  2.111E-07  1.189E-02  7.611E-08  6.863E-03
 1.800E+07  1.668E-07  1.086E-02  6.714E-08  7.351E-03
 2.000E+07  1.351E-07  1.001E-02  6.004E-08  7.789E-03
 2.200E+07  1.117E-07  9.300E-03  5.431E-08  8.189E-03
 2.400E+07  9.384E-08  8.688E-03  4.957E-08  8.554E-03
 2.600E+07  7.996E-08  8.157E-03  4.559E-08  8.888E-03
 2.800E+07  6.894E-08  7.693E-03  4.219E-08  9.198E-03
 3.000E+07  6.006E-08  7.283E-03  3.928E-08  9.486E-03
 3.500E+07  4.412E-08  6.439E-03  3.350E-08  1.012E-02
 4.000E+07  3.378E-08  5.782E-03  2.918E-08  1.066E-02
 4.500E+07  2.669E-08  5.255E-03  2.586E-08  1.114E-02
 5.000E+07  2.162E-08  4.823E-03  2.321E-08  1.157E-02
 6.000E+07  1.501E-08  4.152E-03  1.927E-08  1.228E-02
 7.000E+07  1.103E-08  3.656E-03  1.647E-08  1.287E-02
 8.000E+07  8.445E-09  3.272E-03  1.439E-08  1.337E-02
 9.000E+07  6.673E-09  2.965E-03  1.277E-08  1.380E-02
 1.000E+08  5.405E-09  2.714E-03  1.147E-08  1.418E-02
 1.250E+08  3.459E-09  2.249E-03  9.156E-09  1.494E-02
 1.500E+08  2.402E-09  1.926E-03  7.618E-09  1.553E-02
 1.750E+08  1.765E-09  1.689E-03  6.524E-09  1.599E-02
 2.000E+08  1.351E-09  1.507E-03  5.704E-09  1.637E-02
 2.500E+08  8.648E-10  1.244E-03  4.557E-09  1.696E-02
 3.000E+08  6.006E-10  1.062E-03  3.794E-09  1.740E-02
 3.500E+08  4.412E-10  9.295E-04  3.251E-09  1.774E-02
 4.000E+08  3.378E-10  8.275E-04  2.844E-09  1.801E-02
 4.500E+08  2.669E-10  7.467E-04  2.527E-09  1.823E-02
 5.000E+08  2.162E-10  6.810E-04  2.274E-09  1.842E-02
 6.000E+08  1.501E-10  5.805E-04  1.894E-09  1.872E-02
 7.000E+08  1.103E-10  5.069E-04  1.623E-09  1.895E-02
 8.000E+08  8.445E-11  4.506E-04  1.420E-09  1.912E-02
 9.000E+08  6.673E-11  4.061E-04  1.262E-09  1.927E-02
 1.000E+09  5.405E-11  3.700E-04  1.135E-09  1.939E-02
