P1   MATERIAL:(TissueICRP                                -DBASE)
P2   MASS DENSITY=( 1.0000E+00) g/cm**3
P3   NUMBER OF ELEMENTS IN THE MOLECULE=(13) /.LE.15/
P4+  ATOMIC NUMBER=( 1),ATOMS/MOLECULE=( 6.304650E-01)
P4+  ATOMIC NUMBER=( 6),ATOMS/MOLECULE=( 1.175820E-01)
P4+  ATOMIC NUMBER=( 7),ATOMS/MOLECULE=( 1.080420E-02)
P4+  ATOMIC NUMBER=( 8),ATOMS/MOLECULE=( 2.395960E-01)
P4+  ATOMIC NUMBER=(11),ATOMS/MOLECULE=( 2.989660E-04)
P4+  ATOMIC NUMBER=(12),ATOMS/MOLECULE=( 3.253320E-05)
P4+  ATOMIC NUMBER=(15),ATOMS/MOLECULE=( 2.611780E-04)
P4+  ATOMIC NUMBER=(16),ATOMS/MOLECULE=( 3.775440E-04)
P4+  ATOMIC NUMBER=(17),ATOMS/MOLECULE=( 2.298950E-04)
P4+  ATOMIC NUMBER=(19),ATOMS/MOLECULE=( 3.095810E-04)
P4+  ATOMIC NUMBER=(20),ATOMS/MOLECULE=( 3.490430E-05)
P4+  ATOMIC NUMBER=(26),ATOMS/MOLECULE=( 5.445640E-06)
P4+  ATOMIC NUMBER=(30),ATOMS/MOLECULE=( 2.790970E-06)
P5   MEAN EXCITATION ENERGY=(   72.30) eV
P6   NUMBER OF OSCILLATORS=(29) /.LE.30/
P7+  ( 6.085470E-04, 4.463441E+00, 2.268E+00, 0) OSCILLATOR DATA
P7+  ( 6.980860E-05, 6.000000E+00, 1.950E+00, 0) OSCILLATOR DATA
P7+  ( 1.421232E-04, 8.225157E+00, 9.800E-01, 0) OSCILLATOR DATA
P7+  ( 2.117919E+00, 1.327499E+01, 5.691E-01, 0) OSCILLATOR DATA
P7+  ( 2.317276E-03, 1.800000E+01, 4.429E-01, 0) OSCILLATOR DATA
P7+  ( 4.794014E-01, 2.400043E+01, 5.789E-01, 0) OSCILLATOR DATA
P7+  ( 2.412958E-03, 3.198056E+01, 3.135E-01, 0) OSCILLATOR DATA
P7+  ( 2.976816E-04, 4.819201E+01, 2.695E-01, 0) OSCILLATOR DATA
P7+  ( 5.979320E-04, 6.300000E+01, 3.900E-01, 0) OSCILLATOR DATA
P7+  ( 9.270350E-05, 8.946696E+01, 3.153E-01, 0) OSCILLATOR DATA
P7+  ( 3.837914E-03, 1.517725E+02, 1.272E-01, 0) OSCILLATOR DATA
P7+  ( 2.656814E-03, 2.059020E+02, 1.729E-01, 0) OSCILLATOR DATA
P7+  ( 2.374813E-01, 2.850521E+02, 1.527E-01, 0) OSCILLATOR DATA
P7+  ( 8.285878E-04, 3.709124E+02, 1.610E-01, 0) OSCILLATOR DATA
P7+  ( 2.160840E-02, 4.100000E+02, 1.300E-01, 7) OSCILLATOR DATA
P7+  ( 6.980860E-05, 4.380000E+02, 1.740E-01, 0) OSCILLATOR DATA
P7+  ( 4.791920E-01, 5.430000E+02, 1.130E-01, 8) OSCILLATOR DATA
P7+  ( 4.356512E-05, 7.440454E+02, 8.050E-02, 0) OSCILLATOR DATA
P7+  ( 1.674582E-05, 1.029610E+03, 5.490E-02, 0) OSCILLATOR DATA
P7+  ( 5.979320E-04, 1.072000E+03, 8.150E-02,11) OSCILLATOR DATA
P7+  ( 5.581940E-06, 1.196000E+03, 1.080E-01, 0) OSCILLATOR DATA
P7+  ( 6.506640E-05, 1.303000E+03, 7.450E-02,12) OSCILLATOR DATA
P7+  ( 5.223560E-04, 2.149000E+03, 5.920E-02,15) OSCILLATOR DATA
P7+  ( 7.550880E-04, 2.472000E+03, 5.530E-02,16) OSCILLATOR DATA
P7+  ( 4.597900E-04, 2.823000E+03, 5.200E-02,17) OSCILLATOR DATA
P7+  ( 6.191620E-04, 3.608000E+03, 4.640E-02,19) OSCILLATOR DATA
P7+  ( 6.980860E-05, 4.038000E+03, 4.400E-02,20) OSCILLATOR DATA
P7+  ( 1.089128E-05, 7.111000E+03, 3.360E-02,26) OSCILLATOR DATA
P7+  ( 5.581940E-06, 9.661000E+03, 2.900E-02,30) OSCILLATOR DATA
P8   NUMBER OF INPUT ENERGIES=(106) FOR ELECTRONS /.LT.180/
 1.00E+02  8.857E-02  1.709E-01  1.732E-01  4.265E+02  6.131E-04
 1.25E+02  1.045E-01  2.253E-01  2.105E-01  4.004E+02  7.257E-04
 1.50E+02  1.194E-01  2.848E-01  2.478E-01  3.735E+02  8.329E-04
 1.75E+02  1.333E-01  3.493E-01  2.858E-01  3.488E+02  9.350E-04
 2.00E+02  1.467E-01  4.185E-01  3.250E-01  3.270E+02  1.033E-03
 2.50E+02  1.720E-01  5.707E-01  4.076E-01  2.907E+02  1.218E-03
 3.00E+02  1.960E-01  7.406E-01  4.966E-01  2.622E+02  1.389E-03
 3.50E+02  2.190E-01  9.275E-01  5.920E-01  2.392E+02  1.547E-03
 4.00E+02  2.414E-01  1.131E+00  6.939E-01  2.204E+02  1.693E-03
 4.50E+02  2.634E-01  1.351E+00  8.022E-01  2.046E+02  1.827E-03
 5.00E+02  2.850E-01  1.587E+00  9.169E-01  1.911E+02  1.951E-03
 6.00E+02  3.274E-01  2.107E+00  1.165E+00  1.694E+02  2.169E-03
 7.00E+02  3.692E-01  2.687E+00  1.438E+00  1.542E+02  2.352E-03
 8.00E+02  4.105E-01  3.328E+00  1.736E+00  1.411E+02  2.503E-03
 9.00E+02  4.514E-01  4.027E+00  2.056E+00  1.303E+02  2.627E-03
 1.00E+03  4.920E-01  4.785E+00  2.400E+00  1.212E+02  2.726E-03
 1.25E+03  5.930E-01  6.928E+00  3.361E+00  1.048E+02  2.886E-03
 1.50E+03  6.931E-01  9.418E+00  4.459E+00  9.294E+01  3.005E-03
 1.75E+03  7.928E-01  1.224E+01  5.691E+00  8.348E+01  3.097E-03
 2.00E+03  8.921E-01  1.540E+01  7.054E+00  7.591E+01  3.171E-03
 2.50E+03  1.090E+00  2.267E+01  1.016E+01  6.460E+01  3.282E-03
 3.00E+03  1.287E+00  3.118E+01  1.376E+01  5.656E+01  3.366E-03
 3.50E+03  1.483E+00  4.090E+01  1.782E+01  5.046E+01  3.425E-03
 4.00E+03  1.679E+00  5.180E+01  2.236E+01  4.566E+01  3.473E-03
 4.50E+03  1.874E+00  6.385E+01  2.734E+01  4.177E+01  3.511E-03
 5.00E+03  2.068E+00  7.703E+01  3.276E+01  3.856E+01  3.541E-03
 6.00E+03  2.455E+00  1.067E+02  4.488E+01  3.354E+01  3.589E-03
 7.00E+03  2.839E+00  1.407E+02  5.867E+01  2.979E+01  3.622E-03
 8.00E+03  3.221E+00  1.789E+02  7.408E+01  2.687E+01  3.648E-03
 9.00E+03  3.601E+00  2.212E+02  9.105E+01  2.452E+01  3.666E-03
 1.00E+04  3.979E+00  2.674E+02  1.095E+02  2.259E+01  3.681E-03
 1.25E+04  4.914E+00  4.002E+02  1.623E+02  1.899E+01  3.706E-03
 1.50E+04  5.836E+00  5.566E+02  2.240E+02  1.647E+01  3.722E-03
 1.75E+04  6.744E+00  7.355E+02  2.943E+02  1.461E+01  3.733E-03
 2.00E+04  7.639E+00  9.365E+02  3.728E+02  1.317E+01  3.740E-03
 2.50E+04  9.395E+00  1.402E+03  5.534E+02  1.109E+01  3.752E-03
 3.00E+04  1.110E+01  1.948E+03  7.640E+02  9.647E+00  3.762E-03
 3.50E+04  1.276E+01  2.570E+03  1.003E+03  8.585E+00  3.773E-03
 4.00E+04  1.438E+01  3.268E+03  1.269E+03  7.769E+00  3.785E-03
 4.50E+04  1.595E+01  4.036E+03  1.562E+03  7.122E+00  3.798E-03
 5.00E+04  1.747E+01  4.871E+03  1.879E+03  6.595E+00  3.812E-03
 6.00E+04  2.042E+01  6.738E+03  2.583E+03  5.788E+00  3.842E-03
 7.00E+04  2.320E+01  8.850E+03  3.376E+03  5.199E+00  3.878E-03
 8.00E+04  2.585E+01  1.119E+04  4.251E+03  4.749E+00  3.916E-03
 9.00E+04  2.837E+01  1.375E+04  5.203E+03  4.395E+00  3.958E-03
 1.00E+05  3.076E+01  1.651E+04  6.228E+03  4.108E+00  4.002E-03
 1.25E+05  3.635E+01  2.436E+04  9.119E+03  3.584E+00  4.125E-03
 1.50E+05  4.124E+01  3.319E+04  1.235E+04  3.231E+00  4.258E-03
 1.75E+05  4.561E+01  4.299E+04  1.593E+04  2.977E+00  4.400E-03
 2.00E+05  4.952E+01  5.365E+04  1.979E+04  2.787E+00  4.552E-03
 2.50E+05  5.621E+01  7.730E+04  2.832E+04  2.522E+00  4.876E-03
 3.00E+05  6.171E+01  1.037E+05  3.778E+04  2.349E+00  5.231E-03
 3.50E+05  6.629E+01  1.324E+05  4.806E+04  2.229E+00  5.613E-03
 4.00E+05  7.012E+01  1.634E+05  5.907E+04  2.142E+00  6.020E-03
 4.50E+05  7.337E+01  1.963E+05  7.077E+04  2.077E+00  6.447E-03
 5.00E+05  7.615E+01  2.312E+05  8.309E+04  2.027E+00  6.894E-03
 6.00E+05  8.064E+01  3.060E+05  1.095E+05  1.955E+00  7.845E-03
 7.00E+05  8.405E+01  3.873E+05  1.382E+05  1.909E+00  8.853E-03
 8.00E+05  8.673E+01  4.748E+05  1.690E+05  1.877E+00  9.914E-03
 9.00E+05  8.883E+01  5.681E+05  2.017E+05  1.855E+00  1.102E-02
 1.00E+06  9.055E+01  6.672E+05  2.365E+05  1.840E+00  1.218E-02
 1.25E+06  9.364E+01  9.391E+05  3.317E+05  1.819E+00  1.523E-02
 1.50E+06  9.563E+01  1.245E+06  4.386E+05  1.811E+00  1.849E-02
 1.75E+06  9.702E+01  1.583E+06  5.568E+05  1.811E+00  2.193E-02
 2.00E+06  9.800E+01  1.954E+06  6.862E+05  1.813E+00  2.552E-02
 2.50E+06  9.928E+01  2.790E+06  9.778E+05  1.823E+00  3.305E-02
 3.00E+06  1.001E+02  3.751E+06  1.312E+06  1.835E+00  4.098E-02
 3.50E+06  1.006E+02  4.834E+06  1.688E+06  1.848E+00  4.924E-02
 4.00E+06  1.009E+02  6.036E+06  2.106E+06  1.860E+00  5.777E-02
 4.50E+06  1.012E+02  7.358E+06  2.564E+06  1.871E+00  6.655E-02
 5.00E+06  1.014E+02  8.796E+06  3.063E+06  1.882E+00  7.555E-02
 6.00E+06  1.016E+02  1.202E+07  4.180E+06  1.901E+00  9.404E-02
 7.00E+06  1.017E+02  1.569E+07  5.452E+06  1.918E+00  1.132E-01
 8.00E+06  1.018E+02  1.981E+07  6.879E+06  1.933E+00  1.328E-01
 9.00E+06  1.019E+02  2.437E+07  8.457E+06  1.946E+00  1.529E-01
 1.00E+07  1.020E+02  2.939E+07  1.018E+07  1.958E+00  1.733E-01
 1.25E+07  1.021E+02  4.376E+07  1.515E+07  1.983E+00  2.257E-01
 1.50E+07  1.021E+02  6.077E+07  2.102E+07  2.003E+00  2.795E-01
 1.75E+07  1.021E+02  8.039E+07  2.778E+07  2.020E+00  3.346E-01
 2.00E+07  1.022E+02  1.026E+08  3.540E+07  2.035E+00  3.906E-01
 2.50E+07  1.022E+02  1.546E+08  5.327E+07  2.058E+00  5.044E-01
 3.00E+07  1.022E+02  2.166E+08  7.454E+07  2.077E+00  6.203E-01
 3.50E+07  1.022E+02  2.887E+08  9.921E+07  2.092E+00  7.379E-01
 4.00E+07  1.022E+02  3.708E+08  1.272E+08  2.105E+00  8.566E-01
 4.50E+07  1.022E+02  4.628E+08  1.586E+08  2.116E+00  9.761E-01
 5.00E+07  1.022E+02  5.649E+08  1.933E+08  2.126E+00  1.097E+00
 6.00E+07  1.022E+02  7.992E+08  2.728E+08  2.142E+00  1.340E+00
 7.00E+07  1.022E+02  1.074E+09  3.657E+08  2.156E+00  1.585E+00
 8.00E+07  1.022E+02  1.390E+09  4.721E+08  2.168E+00  1.832E+00
 9.00E+07  1.022E+02  1.747E+09  5.921E+08  2.178E+00  2.080E+00
 1.00E+08  1.022E+02  2.145E+09  7.258E+08  2.188E+00  2.330E+00
 1.25E+08  1.022E+02  3.325E+09  1.120E+09  2.207E+00  2.958E+00
 1.50E+08  1.022E+02  4.766E+09  1.601E+09  2.223E+00  3.590E+00
 1.75E+08  1.022E+02  6.469E+09  2.170E+09  2.236E+00  4.225E+00
 2.00E+08  1.022E+02  8.434E+09  2.826E+09  2.247E+00  4.863E+00
 2.50E+08  1.022E+02  1.315E+10  4.397E+09  2.267E+00  6.145E+00
 3.00E+08  1.022E+02  1.892E+10  6.319E+09  2.282E+00  7.433E+00
 3.50E+08  1.022E+02  2.573E+10  8.590E+09  2.295E+00  8.725E+00
 4.00E+08  1.022E+02  3.359E+10  1.121E+10  2.307E+00  1.002E+01
 4.50E+08  1.022E+02  4.250E+10  1.418E+10  2.317E+00  1.132E+01
 5.00E+08  1.022E+02  5.246E+10  1.750E+10  2.325E+00  1.262E+01
 6.00E+08  1.022E+02  7.552E+10  2.519E+10  2.341E+00  1.522E+01
 7.00E+08  1.022E+02  1.028E+11  3.427E+10  2.354E+00  1.783E+01
 8.00E+08  1.022E+02  1.342E+11  4.476E+10  2.365E+00  2.045E+01
 9.00E+08  1.022E+02  1.699E+11  5.664E+10  2.375E+00  2.306E+01
 1.00E+09  1.022E+02  2.097E+11  6.992E+10  2.384E+00  2.568E+01
P10  NUMBER OF INPUT ENERGIES=(106) FOR POSITRONS /.LT.180/
 1.00E+02  1.501E-01  5.395E-01  3.017E-01  5.539E+02  8.182E-05
 1.25E+02  1.673E-01  6.658E-01  3.650E-01  5.096E+02  1.052E-04
 1.50E+02  1.836E-01  7.959E-01  4.295E-01  4.688E+02  1.291E-04
 1.75E+02  1.990E-01  9.300E-01  4.952E-01  4.334E+02  1.532E-04
 2.00E+02  2.138E-01  1.068E+00  5.622E-01  4.030E+02  1.775E-04
 2.50E+02  2.421E-01  1.357E+00  7.006E-01  3.538E+02  2.263E-04
 3.00E+02  2.689E-01  1.661E+00  8.447E-01  3.160E+02  2.747E-04
 3.50E+02  2.948E-01  1.983E+00  9.951E-01  2.862E+02  3.223E-04
 4.00E+02  3.199E-01  2.320E+00  1.151E+00  2.619E+02  3.687E-04
 4.50E+02  3.444E-01  2.673E+00  1.314E+00  2.419E+02  4.136E-04
 5.00E+02  3.684E-01  3.041E+00  1.482E+00  2.250E+02  4.569E-04
 6.00E+02  4.152E-01  3.824E+00  1.837E+00  1.979E+02  5.380E-04
 7.00E+02  4.609E-01  4.669E+00  2.215E+00  1.792E+02  6.117E-04
 8.00E+02  5.056E-01  5.573E+00  2.616E+00  1.634E+02  6.776E-04
 9.00E+02  5.496E-01  6.534E+00  3.042E+00  1.504E+02  7.362E-04
 1.00E+03  5.932E-01  7.554E+00  3.489E+00  1.394E+02  7.877E-04
 1.25E+03  6.999E-01  1.035E+01  4.705E+00  1.200E+02  8.883E-04
 1.50E+03  8.049E-01  1.349E+01  6.057E+00  1.060E+02  9.730E-04
 1.75E+03  9.087E-01  1.696E+01  7.540E+00  9.505E+01  1.046E-03
 2.00E+03  1.011E+00  2.076E+01  9.154E+00  8.627E+01  1.110E-03
 2.50E+03  1.214E+00  2.932E+01  1.275E+01  7.313E+01  1.219E-03
 3.00E+03  1.416E+00  3.912E+01  1.684E+01  6.372E+01  1.311E-03
 3.50E+03  1.615E+00  5.013E+01  2.140E+01  5.664E+01  1.388E-03
 4.00E+03  1.814E+00  6.231E+01  2.642E+01  5.110E+01  1.455E-03
 4.50E+03  2.011E+00  7.564E+01  3.189E+01  4.663E+01  1.515E-03
 5.00E+03  2.207E+00  9.011E+01  3.779E+01  4.294E+01  1.569E-03
 6.00E+03  2.597E+00  1.224E+02  5.090E+01  3.721E+01  1.662E-03
 7.00E+03  2.984E+00  1.590E+02  6.566E+01  3.294E+01  1.740E-03
 8.00E+03  3.368E+00  1.998E+02  8.206E+01  2.963E+01  1.809E-03
 9.00E+03  3.750E+00  2.448E+02  1.000E+02  2.697E+01  1.868E-03
 1.00E+04  4.130E+00  2.938E+02  1.196E+02  2.480E+01  1.922E-03
 1.25E+04  5.068E+00  4.335E+02  1.749E+02  2.075E+01  2.034E-03
 1.50E+04  5.992E+00  5.971E+02  2.392E+02  1.793E+01  2.125E-03
 1.75E+04  6.903E+00  7.836E+02  3.123E+02  1.585E+01  2.201E-03
 2.00E+04  7.801E+00  9.925E+02  3.937E+02  1.425E+01  2.267E-03
 2.50E+04  9.558E+00  1.475E+03  5.806E+02  1.194E+01  2.378E-03
 3.00E+04  1.127E+01  2.040E+03  7.980E+02  1.034E+01  2.468E-03
 3.50E+04  1.293E+01  2.684E+03  1.044E+03  9.170E+00  2.546E-03
 4.00E+04  1.454E+01  3.402E+03  1.319E+03  8.272E+00  2.615E-03
 4.50E+04  1.612E+01  4.194E+03  1.619E+03  7.561E+00  2.677E-03
 5.00E+04  1.765E+01  5.056E+03  1.946E+03  6.983E+00  2.734E-03
 6.00E+04  2.059E+01  6.980E+03  2.669E+03  6.099E+00  2.836E-03
 7.00E+04  2.338E+01  9.156E+03  3.485E+03  5.455E+00  2.929E-03
 8.00E+04  2.604E+01  1.157E+04  4.385E+03  4.964E+00  3.014E-03
 9.00E+04  2.855E+01  1.421E+04  5.365E+03  4.578E+00  3.095E-03
 1.00E+05  3.095E+01  1.706E+04  6.419E+03  4.265E+00  3.173E-03
 1.25E+05  3.635E+01  2.504E+04  9.358E+03  3.696E+00  3.361E-03
 1.50E+05  4.124E+01  3.413E+04  1.268E+04  3.312E+00  3.540E-03
 1.75E+05  4.561E+01  4.422E+04  1.634E+04  3.037E+00  3.718E-03
 2.00E+05  4.952E+01  5.521E+04  2.031E+04  2.831E+00  3.896E-03
 2.50E+05  5.621E+01  7.961E+04  2.908E+04  2.544E+00  4.258E-03
 3.00E+05  6.171E+01  1.068E+05  3.881E+04  2.357E+00  4.635E-03
 3.50E+05  6.629E+01  1.366E+05  4.939E+04  2.227E+00  5.031E-03
 4.00E+05  7.012E+01  1.685E+05  6.072E+04  2.132E+00  5.445E-03
 4.50E+05  7.337E+01  2.025E+05  7.275E+04  2.062E+00  5.875E-03
 5.00E+05  7.615E+01  2.385E+05  8.543E+04  2.007E+00  6.323E-03
 6.00E+05  8.064E+01  3.158E+05  1.126E+05  1.929E+00  7.268E-03
 7.00E+05  8.405E+01  3.997E+05  1.421E+05  1.878E+00  8.265E-03
 8.00E+05  8.673E+01  4.900E+05  1.737E+05  1.843E+00  9.312E-03
 9.00E+05  8.883E+01  5.864E+05  2.073E+05  1.819E+00  1.041E-02
 1.00E+06  9.055E+01  6.885E+05  2.430E+05  1.801E+00  1.154E-02
 1.25E+06  9.364E+01  9.689E+05  3.408E+05  1.777E+00  1.456E-02
 1.50E+06  9.563E+01  1.283E+06  4.505E+05  1.767E+00  1.778E-02
 1.75E+06  9.702E+01  1.632E+06  5.716E+05  1.765E+00  2.118E-02
 2.00E+06  9.800E+01  2.013E+06  7.041E+05  1.766E+00  2.473E-02
 2.50E+06  9.928E+01  2.873E+06  1.003E+06  1.774E+00  3.220E-02
 3.00E+06  1.001E+02  3.860E+06  1.345E+06  1.786E+00  4.007E-02
 3.50E+06  1.006E+02  4.971E+06  1.729E+06  1.797E+00  4.829E-02
 4.00E+06  1.009E+02  6.204E+06  2.156E+06  1.809E+00  5.679E-02
 4.50E+06  1.012E+02  7.559E+06  2.626E+06  1.819E+00  6.554E-02
 5.00E+06  1.014E+02  9.032E+06  3.134E+06  1.830E+00  7.451E-02
 6.00E+06  1.016E+02  1.231E+07  4.264E+06  1.848E+00  9.297E-02
 7.00E+06  1.017E+02  1.609E+07  5.573E+06  1.865E+00  1.121E-01
 8.00E+06  1.018E+02  2.032E+07  7.027E+06  1.879E+00  1.317E-01
 9.00E+06  1.019E+02  2.499E+07  8.636E+06  1.892E+00  1.518E-01
 1.00E+07  1.020E+02  3.009E+07  1.040E+07  1.904E+00  1.722E-01
 1.25E+07  1.021E+02  4.479E+07  1.545E+07  1.929E+00  2.247E-01
 1.50E+07  1.021E+02  6.218E+07  2.143E+07  1.949E+00  2.786E-01
 1.75E+07  1.021E+02  8.220E+07  2.831E+07  1.966E+00  3.338E-01
 2.00E+07  1.022E+02  1.048E+08  3.607E+07  1.980E+00  3.898E-01
 2.50E+07  1.022E+02  1.579E+08  5.424E+07  2.003E+00  5.037E-01
 3.00E+07  1.022E+02  2.212E+08  7.585E+07  2.022E+00  6.198E-01
 3.50E+07  1.022E+02  2.945E+08  1.009E+08  2.037E+00  7.375E-01
 4.00E+07  1.022E+02  3.780E+08  1.293E+08  2.050E+00  8.562E-01
 4.50E+07  1.022E+02  4.715E+08  1.612E+08  2.061E+00  9.758E-01
 5.00E+07  1.022E+02  5.752E+08  1.963E+08  2.071E+00  1.096E+00
 6.00E+07  1.022E+02  8.129E+08  2.768E+08  2.087E+00  1.339E+00
 7.00E+07  1.022E+02  1.091E+09  3.709E+08  2.101E+00  1.585E+00
 8.00E+07  1.022E+02  1.411E+09  4.785E+08  2.113E+00  1.832E+00
 9.00E+07  1.022E+02  1.772E+09  5.998E+08  2.123E+00  2.080E+00
 1.00E+08  1.022E+02  2.174E+09  7.347E+08  2.132E+00  2.330E+00
 1.25E+08  1.022E+02  3.363E+09  1.132E+09  2.152E+00  2.957E+00
 1.50E+08  1.022E+02  4.814E+09  1.617E+09  2.167E+00  3.590E+00
 1.75E+08  1.022E+02  6.526E+09  2.188E+09  2.181E+00  4.225E+00
 2.00E+08  1.022E+02  8.500E+09  2.846E+09  2.192E+00  4.863E+00
 2.50E+08  1.022E+02  1.324E+10  4.425E+09  2.211E+00  6.145E+00
 3.00E+08  1.022E+02  1.902E+10  6.352E+09  2.227E+00  7.433E+00
 3.50E+08  1.022E+02  2.585E+10  8.629E+09  2.240E+00  8.725E+00
 4.00E+08  1.022E+02  3.372E+10  1.126E+10  2.251E+00  1.002E+01
 4.50E+08  1.022E+02  4.265E+10  1.423E+10  2.261E+00  1.132E+01
 5.00E+08  1.022E+02  5.262E+10  1.755E+10  2.270E+00  1.262E+01
 6.00E+08  1.022E+02  7.571E+10  2.525E+10  2.286E+00  1.522E+01
 7.00E+08  1.022E+02  1.030E+11  3.434E+10  2.299E+00  1.783E+01
 8.00E+08  1.022E+02  1.344E+11  4.483E+10  2.310E+00  2.045E+01
 9.00E+08  1.022E+02  1.701E+11  5.672E+10  2.320E+00  2.306E+01
 1.00E+09  1.022E+02  2.099E+11  7.000E+10  2.329E+00  2.568E+01
P12  NUMBER OF INPUT ENERGIES=(128) FOR PHOTONS /.LT.400/
 1.000E+03  1.292E+00  1.043E-02  3.510E+03  1.000E-35
 1.010E+03  1.290E+00  1.074E-02  3.419E+03  1.000E-35
 1.020E+03  1.288E+00  1.106E-02  3.330E+03  1.000E-35
 1.020E+03  1.288E+00  1.106E-02  3.330E+03  1.000E-35
 1.031E+03  1.286E+00  1.144E-02  3.232E+03  1.000E-35
 1.035E+03  1.285E+00  1.157E-02  3.197E+03  1.000E-35
 1.043E+03  1.284E+00  1.182E-02  3.136E+03  1.000E-35
 1.043E+03  1.284E+00  1.182E-02  3.136E+03  1.000E-35
 1.072E+03  1.278E+00  1.279E-02  2.911E+03  1.000E-35
 1.072E+03  1.278E+00  1.279E-02  2.918E+03  1.000E-35
 1.116E+03  1.270E+00  1.428E-02  2.622E+03  1.000E-35
 1.194E+03  1.254E+00  1.703E-02  2.187E+03  1.000E-35
 1.194E+03  1.254E+00  1.703E-02  2.188E+03  1.000E-35
 1.250E+03  1.242E+00  1.907E-02  1.933E+03  1.000E-35
 1.305E+03  1.230E+00  2.110E-02  1.719E+03  1.000E-35
 1.305E+03  1.230E+00  2.110E-02  1.719E+03  1.000E-35
 1.500E+03  1.186E+00  2.846E-02  1.176E+03  1.000E-35
 1.750E+03  1.126E+00  3.797E-02  7.655E+02  1.000E-35
 2.000E+03  1.064E+00  4.722E-02  5.245E+02  1.000E-35
 2.146E+03  1.028E+00  5.242E-02  4.287E+02  1.000E-35
 2.146E+03  1.028E+00  5.242E-02  4.317E+02  1.000E-35
 2.472E+03  9.488E-01  6.344E-02  2.876E+02  1.000E-35
 2.472E+03  9.488E-01  6.344E-02  2.913E+02  1.000E-35
 2.500E+03  9.421E-01  6.434E-02  2.820E+02  1.000E-35
 2.822E+03  8.675E-01  7.421E-02  1.983E+02  1.000E-35
 2.822E+03  8.675E-01  7.421E-02  2.003E+02  1.000E-35
 3.000E+03  8.284E-01  7.924E-02  1.679E+02  1.000E-35
 3.500E+03  7.274E-01  9.197E-02  1.067E+02  1.000E-35
 3.607E+03  7.075E-01  9.444E-02  9.757E+01  1.000E-35
 3.607E+03  7.075E-01  9.444E-02  9.970E+01  1.000E-35
 4.000E+03  6.403E-01  1.028E-01  7.341E+01  1.000E-35
 4.038E+03  6.342E-01  1.035E-01  7.137E+01  1.000E-35
 4.038E+03  6.342E-01  1.035E-01  7.157E+01  1.000E-35
 4.500E+03  5.662E-01  1.119E-01  5.182E+01  1.000E-35
 5.000E+03  5.037E-01  1.197E-01  3.778E+01  1.000E-35
 6.000E+03  4.062E-01  1.321E-01  2.175E+01  1.000E-35
 7.000E+03  3.358E-01  1.414E-01  1.358E+01  1.000E-35
 7.112E+03  3.291E-01  1.423E-01  1.293E+01  1.000E-35
 7.112E+03  3.291E-01  1.423E-01  1.295E+01  1.000E-35
 8.000E+03  2.835E-01  1.486E-01  9.017E+00  1.000E-35
 9.000E+03  2.436E-01  1.543E-01  6.262E+00  1.000E-35
 9.659E+03  2.223E-01  1.574E-01  5.026E+00  1.000E-35
 9.659E+03  2.223E-01  1.574E-01  5.033E+00  1.000E-35
 1.000E+04  2.124E-01  1.589E-01  4.517E+00  1.000E-35
 1.250E+04  1.583E-01  1.677E-01  2.244E+00  1.000E-35
 1.500E+04  1.237E-01  1.736E-01  1.260E+00  1.000E-35
 1.750E+04  9.969E-02  1.778E-01  7.715E-01  1.000E-35
 2.000E+04  8.211E-02  1.807E-01  5.033E-01  1.000E-35
 2.500E+04  5.835E-02  1.839E-01  2.453E-01  1.000E-35
 3.000E+04  4.344E-02  1.850E-01  1.359E-01  1.000E-35
 3.500E+04  3.352E-02  1.848E-01  8.232E-02  1.000E-35
 4.000E+04  2.662E-02  1.838E-01  5.325E-02  1.000E-35
 4.500E+04  2.164E-02  1.824E-01  3.623E-02  1.000E-35
 5.000E+04  1.793E-02  1.808E-01  2.565E-02  1.000E-35
 6.000E+04  1.289E-02  1.771E-01  1.410E-02  1.000E-35
 7.000E+04  9.700E-03  1.732E-01  8.494E-03  1.000E-35
 8.000E+04  7.558E-03  1.693E-01  5.476E-03  1.000E-35
 9.000E+04  6.051E-03  1.656E-01  3.719E-03  1.000E-35
 1.000E+05  4.951E-03  1.620E-01  2.631E-03  1.000E-35
 1.250E+05  3.221E-03  1.538E-01  1.268E-03  1.000E-35
 1.500E+05  2.259E-03  1.465E-01  7.004E-04  1.000E-35
 1.750E+05  1.670E-03  1.402E-01  4.258E-04  1.000E-35
 2.000E+05  1.284E-03  1.345E-01  2.778E-04  1.000E-35
 2.500E+05  8.257E-04  1.250E-01  1.378E-04  1.000E-35
 3.000E+05  5.750E-04  1.172E-01  7.883E-05  1.000E-35
 3.500E+05  4.231E-04  1.106E-01  4.981E-05  1.000E-35
 4.000E+05  3.243E-04  1.050E-01  3.383E-05  1.000E-35
 4.500E+05  2.564E-04  1.002E-01  2.430E-05  1.000E-35
 5.000E+05  2.078E-04  9.593E-02  1.827E-05  1.000E-35
 6.000E+05  1.444E-04  8.876E-02  1.139E-05  1.000E-35
 7.000E+05  1.062E-04  8.291E-02  7.704E-06  1.000E-35
 8.000E+05  8.130E-05  7.799E-02  5.751E-06  1.000E-35
 9.000E+05  6.425E-05  7.378E-02  4.635E-06  1.000E-35
 1.000E+06  5.205E-05  7.011E-02  3.575E-06  1.000E-35
 1.022E+06  4.984E-05  6.936E-02  3.337E-06  1.000E-35
 1.250E+06  3.332E-05  6.268E-02  2.265E-06  1.682E-05
 1.500E+06  2.314E-05  5.695E-02  1.642E-06  9.304E-05
 1.750E+06  1.700E-05  5.237E-02  1.269E-06  2.172E-04
 2.000E+06  1.302E-05  4.858E-02  1.031E-06  3.703E-04
 2.044E+06  1.246E-05  4.798E-02  9.973E-07  3.991E-04
 2.500E+06  8.332E-06  4.266E-02  7.407E-07  7.135E-04
 3.000E+06  5.787E-06  3.820E-02  5.746E-07  1.072E-03
 3.500E+06  4.251E-06  3.470E-02  4.678E-07  1.428E-03
 4.000E+06  3.255E-06  3.186E-02  3.938E-07  1.772E-03
 4.500E+06  2.572E-06  2.950E-02  3.396E-07  2.100E-03
 5.000E+06  2.083E-06  2.751E-02  2.983E-07  2.413E-03
 6.000E+06  1.447E-06  2.431E-02  2.396E-07  2.999E-03
 7.000E+06  1.063E-06  2.184E-02  2.000E-07  3.526E-03
 8.000E+06  8.138E-07  1.988E-02  1.716E-07  4.005E-03
 9.000E+06  6.430E-07  1.827E-02  1.502E-07  4.445E-03
 1.000E+07  5.208E-07  1.693E-02  1.335E-07  4.844E-03
 1.100E+07  4.304E-07  1.578E-02  1.201E-07  5.211E-03
 1.200E+07  3.617E-07  1.480E-02  1.091E-07  5.548E-03
 1.300E+07  3.082E-07  1.394E-02  1.000E-07  5.864E-03
 1.400E+07  2.657E-07  1.319E-02  9.229E-08  6.158E-03
 1.500E+07  2.315E-07  1.252E-02  8.568E-08  6.433E-03
 1.600E+07  2.034E-07  1.192E-02  7.994E-08  6.694E-03
 1.800E+07  1.607E-07  1.089E-02  7.050E-08  7.170E-03
 2.000E+07  1.302E-07  1.004E-02  6.304E-08  7.598E-03
 2.200E+07  1.076E-07  9.324E-03  5.702E-08  7.990E-03
 2.400E+07  9.042E-08  8.711E-03  5.203E-08  8.346E-03
 2.600E+07  7.704E-08  8.179E-03  4.785E-08  8.673E-03
 2.800E+07  6.643E-08  7.713E-03  4.428E-08  8.976E-03
 3.000E+07  5.787E-08  7.302E-03  4.122E-08  9.257E-03
 3.500E+07  4.251E-08  6.456E-03  3.514E-08  9.877E-03
 4.000E+07  3.255E-08  5.797E-03  3.062E-08  1.041E-02
 4.500E+07  2.572E-08  5.269E-03  2.712E-08  1.088E-02
 5.000E+07  2.083E-08  4.835E-03  2.435E-08  1.129E-02
 6.000E+07  1.447E-08  4.163E-03  2.021E-08  1.199E-02
 7.000E+07  1.063E-08  3.665E-03  1.728E-08  1.257E-02
 8.000E+07  8.138E-09  3.280E-03  1.509E-08  1.306E-02
 9.000E+07  6.430E-09  2.973E-03  1.339E-08  1.348E-02
 1.000E+08  5.208E-09  2.722E-03  1.203E-08  1.384E-02
 1.250E+08  3.333E-09  2.255E-03  9.600E-09  1.459E-02
 1.500E+08  2.315E-09  1.932E-03  7.988E-09  1.517E-02
 1.750E+08  1.701E-09  1.694E-03  6.840E-09  1.562E-02
 2.000E+08  1.302E-09  1.511E-03  5.980E-09  1.599E-02
 2.500E+08  8.333E-10  1.247E-03  4.777E-09  1.657E-02
 3.000E+08  5.787E-10  1.065E-03  3.978E-09  1.701E-02
 3.500E+08  4.251E-10  9.319E-04  3.408E-09  1.734E-02
 4.000E+08  3.255E-10  8.297E-04  2.981E-09  1.761E-02
 4.500E+08  2.572E-10  7.487E-04  2.649E-09  1.783E-02
 5.000E+08  2.083E-10  6.828E-04  2.383E-09  1.801E-02
 6.000E+08  1.447E-10  5.820E-04  1.985E-09  1.831E-02
 7.000E+08  1.063E-10  5.082E-04  1.701E-09  1.853E-02
 8.000E+08  8.138E-11  4.518E-04  1.488E-09  1.871E-02
 9.000E+08  6.430E-11  4.072E-04  1.323E-09  1.885E-02
 1.000E+09  5.208E-11  3.710E-04  1.190E-09  1.897E-02
