P1   MATERIAL:(Water                                     -DBASE)
P2   MASS DENSITY=( 1.0000E+00) g/cm**3
P3   NUMBER OF ELEMENTS IN THE MOLECULE=( 2) /.LE.15/
P4+  ATOMIC NUMBER=( 1),ATOMS/MOLECULE=( 2.000000E+00)
P4+  ATOMIC NUMBER=( 8),ATOMS/MOLECULE=( 1.000000E+00)
P5   MEAN EXCITATION ENERGY=(   75.00) eV
P6   NUMBER OF OSCILLATORS=( 3) /.LE.30/
P7+  ( 6.000000E+00, 1.400000E+01, 5.163E-01, 0) OSCILLATOR DATA
P7+  ( 2.000000E+00, 2.400000E+01, 5.790E-01, 0) OSCILLATOR DATA
P7+  ( 2.000000E+00, 5.430000E+02, 1.130E-01, 8) OSCILLATOR DATA
P8   NUMBER OF INPUT ENERGIES=(106) FOR ELECTRONS /.LT.180/
 1.00E+02  9.809E-02  1.750E-01  1.898E-01  4.144E+02  6.300E-04
 1.25E+02  1.162E-01  2.290E-01  2.293E-01  3.929E+02  7.465E-04
 1.50E+02  1.330E-01  2.879E-01  2.678E-01  3.690E+02  8.575E-04
 1.75E+02  1.487E-01  3.516E-01  3.062E-01  3.461E+02  9.631E-04
 2.00E+02  1.636E-01  4.198E-01  3.455E-01  3.253E+02  1.065E-03
 2.50E+02  1.917E-01  5.693E-01  4.276E-01  2.905E+02  1.257E-03
 3.00E+02  2.182E-01  7.357E-01  5.153E-01  2.627E+02  1.434E-03
 3.50E+02  2.433E-01  9.182E-01  6.089E-01  2.401E+02  1.598E-03
 4.00E+02  2.677E-01  1.116E+00  7.086E-01  2.215E+02  1.750E-03
 4.50E+02  2.914E-01  1.330E+00  8.143E-01  2.059E+02  1.891E-03
 5.00E+02  3.146E-01  1.559E+00  9.261E-01  1.925E+02  2.020E-03
 6.00E+02  3.600E-01  2.062E+00  1.167E+00  1.709E+02  2.249E-03
 7.00E+02  4.045E-01  2.623E+00  1.432E+00  1.541E+02  2.441E-03
 8.00E+02  4.484E-01  3.240E+00  1.720E+00  1.406E+02  2.600E-03
 9.00E+02  4.917E-01  3.913E+00  2.029E+00  1.296E+02  2.732E-03
 1.00E+03  5.348E-01  4.642E+00  2.361E+00  1.203E+02  2.837E-03
 1.25E+03  6.415E-01  6.700E+00  3.287E+00  1.041E+02  3.011E-03
 1.50E+03  7.472E-01  9.088E+00  4.344E+00  9.254E+01  3.141E-03
 1.75E+03  8.525E-01  1.179E+01  5.527E+00  8.319E+01  3.243E-03
 2.00E+03  9.571E-01  1.481E+01  6.836E+00  7.565E+01  3.325E-03
 2.50E+03  1.166E+00  2.177E+01  9.814E+00  6.437E+01  3.448E-03
 3.00E+03  1.374E+00  2.991E+01  1.326E+01  5.642E+01  3.542E-03
 3.50E+03  1.580E+00  3.920E+01  1.716E+01  5.036E+01  3.609E-03
 4.00E+03  1.787E+00  4.962E+01  2.150E+01  4.558E+01  3.663E-03
 4.50E+03  1.993E+00  6.113E+01  2.627E+01  4.171E+01  3.707E-03
 5.00E+03  2.197E+00  7.371E+01  3.145E+01  3.851E+01  3.740E-03
 6.00E+03  2.606E+00  1.021E+02  4.306E+01  3.351E+01  3.794E-03
 7.00E+03  3.011E+00  1.345E+02  5.625E+01  2.977E+01  3.831E-03
 8.00E+03  3.415E+00  1.710E+02  7.098E+01  2.686E+01  3.862E-03
 9.00E+03  3.816E+00  2.113E+02  8.721E+01  2.452E+01  3.882E-03
 1.00E+04  4.215E+00  2.555E+02  1.049E+02  2.259E+01  3.899E-03
 1.25E+04  5.202E+00  3.823E+02  1.553E+02  1.899E+01  3.927E-03
 1.50E+04  6.174E+00  5.314E+02  2.143E+02  1.648E+01  3.945E-03
 1.75E+04  7.133E+00  7.022E+02  2.815E+02  1.462E+01  3.956E-03
 2.00E+04  8.079E+00  8.939E+02  3.564E+02  1.318E+01  3.963E-03
 2.50E+04  9.932E+00  1.338E+03  5.288E+02  1.110E+01  3.975E-03
 3.00E+04  1.173E+01  1.858E+03  7.299E+02  9.657E+00  3.983E-03
 3.50E+04  1.349E+01  2.452E+03  9.581E+02  8.595E+00  3.995E-03
 4.00E+04  1.519E+01  3.117E+03  1.212E+03  7.779E+00  4.007E-03
 4.50E+04  1.685E+01  3.849E+03  1.491E+03  7.132E+00  4.018E-03
 5.00E+04  1.846E+01  4.646E+03  1.794E+03  6.605E+00  4.033E-03
 6.00E+04  2.157E+01  6.425E+03  2.465E+03  5.798E+00  4.062E-03
 7.00E+04  2.451E+01  8.439E+03  3.222E+03  5.208E+00  4.099E-03
 8.00E+04  2.731E+01  1.067E+04  4.056E+03  4.758E+00  4.138E-03
 9.00E+04  2.996E+01  1.311E+04  4.965E+03  4.403E+00  4.181E-03
 1.00E+05  3.249E+01  1.574E+04  5.941E+03  4.116E+00  4.228E-03
 1.25E+05  3.841E+01  2.322E+04  8.699E+03  3.592E+00  4.356E-03
 1.50E+05  4.357E+01  3.163E+04  1.178E+04  3.238E+00  4.494E-03
 1.75E+05  4.818E+01  4.097E+04  1.519E+04  2.984E+00  4.643E-03
 2.00E+05  5.231E+01  5.112E+04  1.887E+04  2.793E+00  4.802E-03
 2.50E+05  5.938E+01  7.364E+04  2.700E+04  2.528E+00  5.142E-03
 3.00E+05  6.518E+01  9.875E+04  3.601E+04  2.355E+00  5.512E-03
 3.50E+05  7.002E+01  1.261E+05  4.580E+04  2.235E+00  5.914E-03
 4.00E+05  7.407E+01  1.556E+05  5.629E+04  2.148E+00  6.341E-03
 4.50E+05  7.751E+01  1.869E+05  6.742E+04  2.083E+00  6.788E-03
 5.00E+05  8.043E+01  2.202E+05  7.916E+04  2.034E+00  7.256E-03
 6.00E+05  8.518E+01  2.913E+05  1.043E+05  1.964E+00  8.256E-03
 7.00E+05  8.878E+01  3.687E+05  1.316E+05  1.918E+00  9.312E-03
 8.00E+05  9.161E+01  4.520E+05  1.609E+05  1.887E+00  1.042E-02
 9.00E+05  9.382E+01  5.408E+05  1.921E+05  1.866E+00  1.159E-02
 1.00E+06  9.565E+01  6.350E+05  2.252E+05  1.851E+00  1.280E-02
 1.25E+06  9.891E+01  8.937E+05  3.158E+05  1.830E+00  1.600E-02
 1.50E+06  1.010E+02  1.184E+06  4.175E+05  1.823E+00  1.942E-02
 1.75E+06  1.025E+02  1.506E+06  5.299E+05  1.822E+00  2.303E-02
 2.00E+06  1.035E+02  1.859E+06  6.530E+05  1.825E+00  2.678E-02
 2.50E+06  1.049E+02  2.654E+06  9.304E+05  1.835E+00  3.468E-02
 3.00E+06  1.057E+02  3.568E+06  1.248E+06  1.847E+00  4.298E-02
 3.50E+06  1.062E+02  4.598E+06  1.606E+06  1.859E+00  5.163E-02
 4.00E+06  1.066E+02  5.741E+06  2.004E+06  1.871E+00  6.058E-02
 4.50E+06  1.069E+02  6.997E+06  2.439E+06  1.882E+00  6.977E-02
 5.00E+06  1.071E+02  8.364E+06  2.914E+06  1.892E+00  7.918E-02
 6.00E+06  1.073E+02  1.143E+07  3.975E+06  1.911E+00  9.854E-02
 7.00E+06  1.075E+02  1.492E+07  5.185E+06  1.928E+00  1.185E-01
 8.00E+06  1.076E+02  1.884E+07  6.542E+06  1.943E+00  1.391E-01
 9.00E+06  1.076E+02  2.317E+07  8.042E+06  1.956E+00  1.601E-01
 1.00E+07  1.077E+02  2.794E+07  9.682E+06  1.968E+00  1.814E-01
 1.25E+07  1.078E+02  4.159E+07  1.440E+07  1.993E+00  2.362E-01
 1.50E+07  1.079E+02  5.776E+07  1.998E+07  2.014E+00  2.926E-01
 1.75E+07  1.079E+02  7.641E+07  2.641E+07  2.031E+00  3.502E-01
 2.00E+07  1.079E+02  9.751E+07  3.365E+07  2.046E+00  4.087E-01
 2.50E+07  1.079E+02  1.469E+08  5.063E+07  2.070E+00  5.276E-01
 3.00E+07  1.079E+02  2.059E+08  7.085E+07  2.089E+00  6.487E-01
 3.50E+07  1.079E+02  2.744E+08  9.430E+07  2.105E+00  7.717E-01
 4.00E+07  1.079E+02  3.524E+08  1.209E+08  2.118E+00  8.957E-01
 4.50E+07  1.079E+02  4.399E+08  1.507E+08  2.129E+00  1.021E+00
 5.00E+07  1.079E+02  5.369E+08  1.837E+08  2.139E+00  1.146E+00
 6.00E+07  1.079E+02  7.597E+08  2.594E+08  2.156E+00  1.400E+00
 7.00E+07  1.079E+02  1.021E+09  3.476E+08  2.170E+00  1.656E+00
 8.00E+07  1.079E+02  1.321E+09  4.488E+08  2.182E+00  1.914E+00
 9.00E+07  1.079E+02  1.661E+09  5.629E+08  2.193E+00  2.173E+00
 1.00E+08  1.079E+02  2.040E+09  6.900E+08  2.202E+00  2.434E+00
 1.25E+08  1.079E+02  3.162E+09  1.065E+09  2.222E+00  3.089E+00
 1.50E+08  1.079E+02  4.533E+09  1.523E+09  2.238E+00  3.749E+00
 1.75E+08  1.079E+02  6.153E+09  2.064E+09  2.251E+00  4.412E+00
 2.00E+08  1.079E+02  8.024E+09  2.688E+09  2.263E+00  5.078E+00
 2.50E+08  1.079E+02  1.251E+10  4.183E+09  2.282E+00  6.415E+00
 3.00E+08  1.079E+02  1.800E+10  6.011E+09  2.298E+00  7.759E+00
 3.50E+08  1.079E+02  2.448E+10  8.172E+09  2.311E+00  9.107E+00
 4.00E+08  1.079E+02  3.196E+10  1.067E+10  2.322E+00  1.046E+01
 4.50E+08  1.079E+02  4.043E+10  1.349E+10  2.332E+00  1.181E+01
 5.00E+08  1.079E+02  4.992E+10  1.665E+10  2.341E+00  1.317E+01
 6.00E+08  1.079E+02  7.186E+10  2.397E+10  2.357E+00  1.589E+01
 7.00E+08  1.079E+02  9.778E+10  3.261E+10  2.370E+00  1.861E+01
 8.00E+08  1.079E+02  1.277E+11  4.259E+10  2.381E+00  2.133E+01
 9.00E+08  1.079E+02  1.616E+11  5.389E+10  2.391E+00  2.406E+01
 1.00E+09  1.079E+02  1.995E+11  6.652E+10  2.400E+00  2.679E+01
P10  NUMBER OF INPUT ENERGIES=(106) FOR POSITRONS /.LT.180/
 1.00E+02  1.733E-01  5.775E-01  3.275E-01  5.422E+02  8.052E-05
 1.25E+02  1.928E-01  7.085E-01  3.940E-01  5.035E+02  1.037E-04
 1.50E+02  2.111E-01  8.426E-01  4.611E-01  4.658E+02  1.273E-04
 1.75E+02  2.283E-01  9.799E-01  5.292E-01  4.323E+02  1.512E-04
 2.00E+02  2.448E-01  1.121E+00  5.982E-01  4.029E+02  1.754E-04
 2.50E+02  2.761E-01  1.412E+00  7.397E-01  3.550E+02  2.240E-04
 3.00E+02  3.057E-01  1.718E+00  8.859E-01  3.179E+02  2.723E-04
 3.50E+02  3.341E-01  2.039E+00  1.037E+00  2.884E+02  3.200E-04
 4.00E+02  3.615E-01  2.375E+00  1.194E+00  2.643E+02  3.665E-04
 4.50E+02  3.881E-01  2.725E+00  1.357E+00  2.443E+02  4.117E-04
 5.00E+02  4.141E-01  3.089E+00  1.524E+00  2.274E+02  4.553E-04
 6.00E+02  4.646E-01  3.861E+00  1.876E+00  2.003E+02  5.373E-04
 7.00E+02  5.137E-01  4.689E+00  2.248E+00  1.796E+02  6.121E-04
 8.00E+02  5.616E-01  5.574E+00  2.643E+00  1.630E+02  6.793E-04
 9.00E+02  6.087E-01  6.512E+00  3.060E+00  1.496E+02  7.393E-04
 1.00E+03  6.552E-01  7.507E+00  3.498E+00  1.384E+02  7.922E-04
 1.25E+03  7.688E-01  1.022E+01  4.684E+00  1.188E+02  8.967E-04
 1.50E+03  8.803E-01  1.326E+01  5.997E+00  1.054E+02  9.850E-04
 1.75E+03  9.905E-01  1.663E+01  7.437E+00  9.461E+01  1.062E-03
 2.00E+03  1.099E+00  2.030E+01  8.999E+00  8.595E+01  1.129E-03
 2.50E+03  1.314E+00  2.855E+01  1.248E+01  7.293E+01  1.244E-03
 3.00E+03  1.527E+00  3.799E+01  1.642E+01  6.359E+01  1.340E-03
 3.50E+03  1.738E+00  4.857E+01  2.082E+01  5.655E+01  1.422E-03
 4.00E+03  1.948E+00  6.027E+01  2.565E+01  5.103E+01  1.493E-03
 4.50E+03  2.156E+00  7.307E+01  3.090E+01  4.658E+01  1.557E-03
 5.00E+03  2.362E+00  8.695E+01  3.658E+01  4.291E+01  1.613E-03
 6.00E+03  2.775E+00  1.179E+02  4.916E+01  3.720E+01  1.712E-03
 7.00E+03  3.184E+00  1.530E+02  6.333E+01  3.293E+01  1.795E-03
 8.00E+03  3.590E+00  1.921E+02  7.906E+01  2.963E+01  1.869E-03
 9.00E+03  3.993E+00  2.352E+02  9.627E+01  2.698E+01  1.932E-03
 1.00E+04  4.393E+00  2.821E+02  1.150E+02  2.481E+01  1.989E-03
 1.25E+04  5.384E+00  4.156E+02  1.680E+02  2.076E+01  2.108E-03
 1.50E+04  6.360E+00  5.721E+02  2.296E+02  1.794E+01  2.205E-03
 1.75E+04  7.322E+00  7.504E+02  2.995E+02  1.587E+01  2.286E-03
 2.00E+04  8.271E+00  9.500E+02  3.774E+02  1.427E+01  2.356E-03
 2.50E+04  1.013E+01  1.411E+03  5.562E+02  1.195E+01  2.473E-03
 3.00E+04  1.193E+01  1.951E+03  7.639E+02  1.036E+01  2.569E-03
 3.50E+04  1.369E+01  2.566E+03  9.995E+02  9.184E+00  2.652E-03
 4.00E+04  1.539E+01  3.251E+03  1.261E+03  8.286E+00  2.725E-03
 4.50E+04  1.705E+01  4.008E+03  1.549E+03  7.574E+00  2.790E-03
 5.00E+04  1.867E+01  4.830E+03  1.861E+03  6.995E+00  2.851E-03
 6.00E+04  2.178E+01  6.666E+03  2.552E+03  6.111E+00  2.959E-03
 7.00E+04  2.472E+01  8.743E+03  3.331E+03  5.466E+00  3.057E-03
 8.00E+04  2.753E+01  1.105E+04  4.191E+03  4.975E+00  3.148E-03
 9.00E+04  3.018E+01  1.356E+04  5.126E+03  4.587E+00  3.234E-03
 1.00E+05  3.271E+01  1.629E+04  6.132E+03  4.275E+00  3.317E-03
 1.25E+05  3.841E+01  2.390E+04  8.938E+03  3.704E+00  3.516E-03
 1.50E+05  4.357E+01  3.257E+04  1.211E+04  3.320E+00  3.705E-03
 1.75E+05  4.818E+01  4.220E+04  1.561E+04  3.045E+00  3.892E-03
 2.00E+05  5.231E+01  5.268E+04  1.939E+04  2.838E+00  4.081E-03
 2.50E+05  5.938E+01  7.594E+04  2.775E+04  2.551E+00  4.461E-03
 3.00E+05  6.518E+01  1.019E+05  3.704E+04  2.363E+00  4.857E-03
 3.50E+05  7.002E+01  1.303E+05  4.713E+04  2.233E+00  5.273E-03
 4.00E+05  7.407E+01  1.607E+05  5.793E+04  2.138E+00  5.707E-03
 4.50E+05  7.751E+01  1.931E+05  6.939E+04  2.068E+00  6.158E-03
 5.00E+05  8.043E+01  2.274E+05  8.149E+04  2.014E+00  6.627E-03
 6.00E+05  8.518E+01  3.011E+05  1.074E+05  1.937E+00  7.619E-03
 7.00E+05  8.878E+01  3.811E+05  1.355E+05  1.887E+00  8.664E-03
 8.00E+05  9.161E+01  4.671E+05  1.656E+05  1.853E+00  9.762E-03
 9.00E+05  9.382E+01  5.589E+05  1.977E+05  1.829E+00  1.091E-02
 1.00E+06  9.565E+01  6.562E+05  2.316E+05  1.812E+00  1.210E-02
 1.25E+06  9.891E+01  9.233E+05  3.248E+05  1.788E+00  1.526E-02
 1.50E+06  1.010E+02  1.223E+06  4.293E+05  1.778E+00  1.863E-02
 1.75E+06  1.025E+02  1.555E+06  5.446E+05  1.776E+00  2.219E-02
 2.00E+06  1.035E+02  1.918E+06  6.708E+05  1.778E+00  2.591E-02
 2.50E+06  1.049E+02  2.736E+06  9.551E+05  1.786E+00  3.373E-02
 3.00E+06  1.057E+02  3.676E+06  1.281E+06  1.797E+00  4.197E-02
 3.50E+06  1.062E+02  4.733E+06  1.647E+06  1.808E+00  5.058E-02
 4.00E+06  1.066E+02  5.908E+06  2.054E+06  1.819E+00  5.948E-02
 4.50E+06  1.069E+02  7.196E+06  2.500E+06  1.830E+00  6.864E-02
 5.00E+06  1.071E+02  8.598E+06  2.984E+06  1.840E+00  7.802E-02
 6.00E+06  1.073E+02  1.172E+07  4.059E+06  1.859E+00  9.734E-02
 7.00E+06  1.075E+02  1.532E+07  5.305E+06  1.875E+00  1.173E-01
 8.00E+06  1.076E+02  1.934E+07  6.688E+06  1.889E+00  1.379E-01
 9.00E+06  1.076E+02  2.378E+07  8.219E+06  1.902E+00  1.589E-01
 1.00E+07  1.077E+02  2.864E+07  9.894E+06  1.914E+00  1.803E-01
 1.25E+07  1.078E+02  4.262E+07  1.470E+07  1.939E+00  2.351E-01
 1.50E+07  1.079E+02  5.916E+07  2.039E+07  1.959E+00  2.915E-01
 1.75E+07  1.079E+02  7.819E+07  2.693E+07  1.976E+00  3.492E-01
 2.00E+07  1.079E+02  9.973E+07  3.431E+07  1.991E+00  4.078E-01
 2.50E+07  1.079E+02  1.501E+08  5.159E+07  2.015E+00  5.269E-01
 3.00E+07  1.079E+02  2.104E+08  7.215E+07  2.034E+00  6.482E-01
 3.50E+07  1.079E+02  2.801E+08  9.597E+07  2.049E+00  7.712E-01
 4.00E+07  1.079E+02  3.595E+08  1.230E+08  2.062E+00  8.954E-01
 4.50E+07  1.079E+02  4.485E+08  1.533E+08  2.074E+00  1.020E+00
 5.00E+07  1.079E+02  5.471E+08  1.867E+08  2.084E+00  1.146E+00
 6.00E+07  1.079E+02  7.732E+08  2.633E+08  2.101E+00  1.400E+00
 7.00E+07  1.079E+02  1.038E+09  3.528E+08  2.115E+00  1.656E+00
 8.00E+07  1.079E+02  1.342E+09  4.552E+08  2.127E+00  1.914E+00
 9.00E+07  1.079E+02  1.686E+09  5.705E+08  2.137E+00  2.173E+00
 1.00E+08  1.079E+02  2.068E+09  6.989E+08  2.147E+00  2.434E+00
 1.25E+08  1.079E+02  3.200E+09  1.077E+09  2.166E+00  3.089E+00
 1.50E+08  1.079E+02  4.580E+09  1.539E+09  2.182E+00  3.749E+00
 1.75E+08  1.079E+02  6.209E+09  2.081E+09  2.195E+00  4.412E+00
 2.00E+08  1.079E+02  8.089E+09  2.708E+09  2.207E+00  5.078E+00
 2.50E+08  1.079E+02  1.260E+10  4.210E+09  2.226E+00  6.415E+00
 3.00E+08  1.079E+02  1.810E+10  6.044E+09  2.242E+00  7.759E+00
 3.50E+08  1.079E+02  2.460E+10  8.210E+09  2.255E+00  9.107E+00
 4.00E+08  1.079E+02  3.209E+10  1.071E+10  2.266E+00  1.046E+01
 4.50E+08  1.079E+02  4.058E+10  1.354E+10  2.276E+00  1.181E+01
 5.00E+08  1.079E+02  5.007E+10  1.671E+10  2.285E+00  1.317E+01
 6.00E+08  1.079E+02  7.204E+10  2.403E+10  2.301E+00  1.589E+01
 7.00E+08  1.079E+02  9.801E+10  3.268E+10  2.314E+00  1.861E+01
 8.00E+08  1.079E+02  1.279E+11  4.266E+10  2.326E+00  2.133E+01
 9.00E+08  1.079E+02  1.619E+11  5.397E+10  2.336E+00  2.406E+01
 1.00E+09  1.079E+02  1.997E+11  6.661E+10  2.345E+00  2.679E+01
P12  NUMBER OF INPUT ENERGIES=(100) FOR PHOTONS /.LT.400/
 1.000E+03  1.375E+00  1.063E-02  4.076E+03  1.000E-35
 1.250E+03  1.327E+00  1.902E-02  2.251E+03  1.000E-35
 1.500E+03  1.273E+00  2.813E-02  1.374E+03  1.000E-35
 1.750E+03  1.215E+00  3.739E-02  8.971E+02  1.000E-35
 2.000E+03  1.153E+00  4.648E-02  6.162E+02  1.000E-35
 2.500E+03  1.029E+00  6.348E-02  3.258E+02  1.000E-35
 3.000E+03  9.095E-01  7.845E-02  1.919E+02  1.000E-35
 3.500E+03  8.015E-01  9.135E-02  1.219E+02  1.000E-35
 4.000E+03  7.067E-01  1.023E-01  8.197E+01  1.000E-35
 4.500E+03  6.252E-01  1.117E-01  5.761E+01  1.000E-35
 5.000E+03  5.558E-01  1.197E-01  4.192E+01  1.000E-35
 6.000E+03  4.469E-01  1.324E-01  2.407E+01  1.000E-35
 7.000E+03  3.678E-01  1.419E-01  1.499E+01  1.000E-35
 8.000E+03  3.092E-01  1.492E-01  9.919E+00  1.000E-35
 9.000E+03  2.646E-01  1.549E-01  6.875E+00  1.000E-35
 1.000E+04  2.299E-01  1.596E-01  4.944E+00  1.000E-35
 1.250E+04  1.703E-01  1.682E-01  2.446E+00  1.000E-35
 1.500E+04  1.327E-01  1.741E-01  1.369E+00  1.000E-35
 1.750E+04  1.070E-01  1.782E-01  8.359E-01  1.000E-35
 2.000E+04  8.820E-02  1.811E-01  5.439E-01  1.000E-35
 2.500E+04  6.284E-02  1.845E-01  2.640E-01  1.000E-35
 3.000E+04  4.686E-02  1.857E-01  1.458E-01  1.000E-35
 3.500E+04  3.618E-02  1.856E-01  8.803E-02  1.000E-35
 4.000E+04  2.874E-02  1.847E-01  5.680E-02  1.000E-35
 4.500E+04  2.337E-02  1.834E-01  3.856E-02  1.000E-35
 5.000E+04  1.937E-02  1.817E-01  2.725E-02  1.000E-35
 6.000E+04  1.393E-02  1.781E-01  1.493E-02  1.000E-35
 7.000E+04  1.049E-02  1.742E-01  8.970E-03  1.000E-35
 8.000E+04  8.179E-03  1.704E-01  5.770E-03  1.000E-35
 9.000E+04  6.551E-03  1.666E-01  3.911E-03  1.000E-35
 1.000E+05  5.362E-03  1.630E-01  2.763E-03  1.000E-35
 1.250E+05  3.491E-03  1.548E-01  1.326E-03  1.000E-35
 1.500E+05  2.449E-03  1.475E-01  7.308E-04  1.000E-35
 1.750E+05  1.810E-03  1.411E-01  4.433E-04  1.000E-35
 2.000E+05  1.392E-03  1.355E-01  2.887E-04  1.000E-35
 2.500E+05  8.954E-04  1.259E-01  1.429E-04  1.000E-35
 3.000E+05  6.236E-04  1.180E-01  8.160E-05  1.000E-35
 3.500E+05  4.589E-04  1.114E-01  5.149E-05  1.000E-35
 4.000E+05  3.517E-04  1.058E-01  3.493E-05  1.000E-35
 4.500E+05  2.781E-04  1.009E-01  2.507E-05  1.000E-35
 5.000E+05  2.254E-04  9.660E-02  1.883E-05  1.000E-35
 6.000E+05  1.567E-04  8.938E-02  1.173E-05  1.000E-35
 7.000E+05  1.151E-04  8.348E-02  7.927E-06  1.000E-35
 8.000E+05  8.818E-05  7.854E-02  5.920E-06  1.000E-35
 9.000E+05  6.969E-05  7.430E-02  4.782E-06  1.000E-35
 1.000E+06  5.645E-05  7.060E-02  3.681E-06  1.000E-35
 1.022E+06  5.405E-05  6.985E-02  3.430E-06  1.000E-35
 1.250E+06  3.614E-05  6.312E-02  2.329E-06  1.777E-05
 1.500E+06  2.510E-05  5.736E-02  1.690E-06  9.820E-05
 1.750E+06  1.844E-05  5.274E-02  1.306E-06  2.293E-04
 2.000E+06  1.412E-05  4.893E-02  1.063E-06  3.908E-04
 2.044E+06  1.352E-05  4.832E-02  1.028E-06  4.212E-04
 2.500E+06  9.037E-06  4.296E-02  7.644E-07  7.526E-04
 3.000E+06  6.276E-06  3.847E-02  5.937E-07  1.131E-03
 3.500E+06  4.611E-06  3.494E-02  4.838E-07  1.505E-03
 4.000E+06  3.530E-06  3.208E-02  4.075E-07  1.867E-03
 4.500E+06  2.789E-06  2.971E-02  3.516E-07  2.212E-03
 5.000E+06  2.259E-06  2.770E-02  3.090E-07  2.540E-03
 6.000E+06  1.569E-06  2.448E-02  2.484E-07  3.155E-03
 7.000E+06  1.153E-06  2.200E-02  2.075E-07  3.709E-03
 8.000E+06  8.826E-07  2.002E-02  1.780E-07  4.211E-03
 9.000E+06  6.974E-07  1.840E-02  1.559E-07  4.673E-03
 1.000E+07  5.649E-07  1.704E-02  1.386E-07  5.090E-03
 1.100E+07  4.668E-07  1.589E-02  1.248E-07  5.474E-03
 1.200E+07  3.923E-07  1.490E-02  1.134E-07  5.828E-03
 1.300E+07  3.342E-07  1.404E-02  1.039E-07  6.159E-03
 1.400E+07  2.882E-07  1.328E-02  9.591E-08  6.466E-03
 1.500E+07  2.511E-07  1.261E-02  8.906E-08  6.755E-03
 1.600E+07  2.206E-07  1.200E-02  8.311E-08  7.028E-03
 1.800E+07  1.743E-07  1.097E-02  7.331E-08  7.527E-03
 2.000E+07  1.412E-07  1.011E-02  6.556E-08  7.975E-03
 2.200E+07  1.167E-07  9.390E-03  5.931E-08  8.383E-03
 2.400E+07  9.807E-08  8.772E-03  5.412E-08  8.756E-03
 2.600E+07  8.356E-08  8.237E-03  4.978E-08  9.098E-03
 2.800E+07  7.205E-08  7.768E-03  4.607E-08  9.415E-03
 3.000E+07  6.276E-08  7.354E-03  4.289E-08  9.709E-03
 3.500E+07  4.611E-08  6.501E-03  3.657E-08  1.036E-02
 4.000E+07  3.530E-08  5.838E-03  3.186E-08  1.091E-02
 4.500E+07  2.789E-08  5.306E-03  2.823E-08  1.140E-02
 5.000E+07  2.259E-08  4.869E-03  2.534E-08  1.184E-02
 6.000E+07  1.569E-08  4.193E-03  2.104E-08  1.257E-02
 7.000E+07  1.153E-08  3.691E-03  1.799E-08  1.317E-02
 8.000E+07  8.826E-09  3.303E-03  1.571E-08  1.368E-02
 9.000E+07  6.974E-09  2.994E-03  1.394E-08  1.412E-02
 1.000E+08  5.649E-09  2.741E-03  1.253E-08  1.450E-02
 1.250E+08  3.615E-09  2.271E-03  9.996E-09  1.528E-02
 1.500E+08  2.511E-09  1.945E-03  8.317E-09  1.588E-02
 1.750E+08  1.844E-09  1.706E-03  7.123E-09  1.636E-02
 2.000E+08  1.412E-09  1.521E-03  6.228E-09  1.674E-02
 2.500E+08  9.038E-10  1.256E-03  4.975E-09  1.734E-02
 3.000E+08  6.276E-10  1.073E-03  4.142E-09  1.779E-02
 3.500E+08  4.611E-10  9.385E-04  3.549E-09  1.814E-02
 4.000E+08  3.530E-10  8.356E-04  3.105E-09  1.841E-02
 4.500E+08  2.789E-10  7.540E-04  2.759E-09  1.864E-02
 5.000E+08  2.259E-10  6.876E-04  2.482E-09  1.883E-02
 6.000E+08  1.569E-10  5.861E-04  2.068E-09  1.913E-02
 7.000E+08  1.153E-10  5.118E-04  1.772E-09  1.936E-02
 8.000E+08  8.826E-11  4.550E-04  1.550E-09  1.954E-02
 9.000E+08  6.974E-11  4.101E-04  1.378E-09  1.969E-02
 1.000E+09  5.649E-11  3.736E-04  1.240E-09  1.981E-02
